epoch:0 0.0000  0.0000  0.0000  0.0000  0.0000  0.0000  0.0000  0.0000  0.0000  0.0000  0.0000  0.0000  0.4657  0.009000
epoch:1 0.0145  0.0522  0.0066  0.0000  0.0200  0.0096  0.0634  0.1042  0.1211  0.0000  0.1189  0.1643  0.1362  0.009000
epoch:2 0.0219  0.1161  0.0007  0.0000  0.0245  0.0810  0.0408  0.1310  0.1620  0.0000  0.1698  0.1786  0.1000  0.009000
epoch:3 0.0333  0.1246  0.0028  0.0000  0.0343  0.1231  0.0592  0.1873  0.2028  0.0000  0.1981  0.2786  0.0993  0.009000
epoch:4 0.0612  0.2347  0.0065  0.0000  0.0646  0.1239  0.1296  0.2070  0.2338  0.0000  0.2170  0.3643  0.0952  0.009000
epoch:5 0.0975  0.3032  0.0271  0.0015  0.0950  0.1809  0.1873  0.2873  0.3155  0.0750  0.3208  0.3643  0.1011  0.009000
epoch:6 0.1237  0.4146  0.0179  0.0000  0.1054  0.2497  0.1718  0.2831  0.3000  0.0000  0.2925  0.4143  0.0946  0.009000
epoch:7 0.0991  0.4061  0.0050  0.0001  0.0958  0.1638  0.1268  0.2423  0.2873  0.0250  0.2962  0.3286  0.0934  0.009000
epoch:8 0.1783  0.5025  0.0396  0.0009  0.1700  0.2766  0.1915  0.3408  0.3606  0.0500  0.3585  0.4571  0.0902  0.002700
epoch:9 0.2515  0.6507  0.1432  0.0050  0.2234  0.4235  0.2423  0.3775  0.3930  0.0500  0.3868  0.5143  0.0835  0.002700
epoch:10 0.2411  0.6668  0.0837  0.0000  0.2083  0.4514  0.2423  0.3662  0.3732  0.0000  0.3679  0.5000  0.0817  0.002700
epoch:11 0.2712  0.6937  0.1117  0.0064  0.2326  0.4884  0.2817  0.3718  0.3958  0.0500  0.3792  0.5571  0.0766  0.000810
epoch:12 0.2597  0.6656  0.0980  0.0032  0.2330  0.4243  0.2620  0.3606  0.3746  0.0250  0.3660  0.5071  0.0763  0.000810
epoch:13 0.2863  0.7401  0.1218  0.0381  0.2613  0.4416  0.3000  0.3718  0.3831  0.0500  0.3811  0.4857  0.0736  0.000810
epoch:14 0.2881  0.7190  0.1373  0.0086  0.2638  0.4388  0.2972  0.3690  0.4014  0.0250  0.4094  0.4786  0.0731  0.000243
epoch:15 0.2900  0.7410  0.1757  0.0228  0.2692  0.4424  0.2915  0.3746  0.3873  0.0750  0.3849  0.4857  0.0757  0.000243
epoch:16 0.2850  0.7252  0.1564  0.0168  0.2531  0.4640  0.3056  0.3732  0.3859  0.0500  0.3755  0.5214  0.0729  0.000243
epoch:17 0.2987  0.7478  0.1694  0.0467  0.2644  0.4877  0.3056  0.3944  0.4028  0.0750  0.3925  0.5357  0.0725  0.000073
epoch:18 0.3002  0.7677  0.1637  0.0422  0.2638  0.5031  0.3155  0.3915  0.4042  0.0500  0.3925  0.5500  0.0727  0.000073
epoch:19 0.2979  0.7613  0.1919  0.0465  0.2561  0.5099  0.3099  0.3831  0.3972  0.0750  0.3811  0.5500  0.0703  0.000073
epoch:20 0.2944  0.7379  0.1626  0.0520  0.2628  0.4706  0.3056  0.3732  0.3831  0.1000  0.3698  0.5143  0.0732  0.000022
epoch:21 0.2999  0.7500  0.1298  0.0337  0.2693  0.4775  0.2958  0.3789  0.4000  0.0500  0.3943  0.5214  0.0735  0.000022
epoch:22 0.3032  0.7560  0.1635  0.0381  0.2757  0.4728  0.2901  0.3831  0.4042  0.0500  0.4019  0.5143  0.0752  0.000022
epoch:23 0.2995  0.7521  0.1753  0.0381  0.2717  0.4755  0.3127  0.3901  0.4099  0.0500  0.4019  0.5429  0.0702  0.000007
epoch:24 0.3068  0.7733  0.1838  0.0220  0.2652  0.5181  0.3211  0.3915  0.3986  0.0750  0.3774  0.5714  0.0721  0.000007
epoch:25 0.2975  0.7518  0.1731  0.0356  0.2677  0.4812  0.3113  0.3915  0.4127  0.0500  0.4057  0.5429  0.0727  0.000007
epoch:26 0.2835  0.7442  0.1662  0.0252  0.2493  0.4630  0.2901  0.3676  0.3873  0.0500  0.3849  0.4929  0.0726  0.000002
epoch:27 0.3092  0.7735  0.1695  0.0381  0.2844  0.4682  0.3085  0.3944  0.4070  0.0500  0.4094  0.5000  0.0712  0.000002
epoch:28 0.2882  0.7602  0.1543  0.0422  0.2603  0.4674  0.3014  0.3732  0.4042  0.0500  0.3962  0.5357  0.0730  0.000002
epoch:29 0.2992  0.7765  0.1633  0.0086  0.2787  0.4546  0.2958  0.3859  0.4070  0.0250  0.4113  0.5000  0.0741  0.000001
epoch:30 0.3008  0.7458  0.1928  0.0187  0.2677  0.5013  0.2986  0.3972  0.4042  0.0750  0.3849  0.5714  0.0744  0.000001
epoch:31 0.2845  0.7747  0.1363  0.0202  0.2549  0.4520  0.2887  0.3704  0.3803  0.0500  0.3755  0.4929  0.0719  0.000001
epoch:32 0.2982  0.7645  0.1689  0.0257  0.2736  0.4681  0.2972  0.3859  0.3958  0.0250  0.3906  0.5214  0.0719  0.000000
epoch:33 0.2997  0.7780  0.1577  0.0337  0.2705  0.4766  0.3070  0.3817  0.4099  0.0500  0.4057  0.5286  0.0698  0.000000
epoch:34 0.2975  0.7452  0.1807  0.0356  0.2705  0.4721  0.3141  0.3958  0.4099  0.0500  0.3962  0.5643  0.0729  0.000000
