epoch:0 0.0000  0.0000  0.0000  -1.0000  0.0000  0.0000  0.0000  0.0000  0.0000  -1.0000  0.0000  0.0000  0.7122  0.005000
epoch:1 0.0000  0.0000  0.0000  -1.0000  0.0000  0.0000  0.0000  0.0000  0.0000  -1.0000  0.0000  0.0000  0.1891  0.005000
epoch:2 0.0000  0.0000  0.0000  -1.0000  0.0000  0.0000  0.0000  0.0000  0.0000  -1.0000  0.0000  0.0000  0.1342  0.005000
epoch:3 0.0000  0.0000  0.0000  -1.0000  0.0000  0.0000  0.0000  0.0000  0.0000  -1.0000  0.0000  0.0000  0.1533  0.005000
epoch:4 0.0000  0.0000  0.0000  -1.0000  0.0000  0.0000  0.0000  0.0000  0.0000  -1.0000  0.0000  0.0000  0.1546  0.005000
epoch:5 0.0000  0.0000  0.0000  -1.0000  0.0000  0.0000  0.0000  0.0000  0.0000  -1.0000  0.0000  0.0000  0.1632  0.010000
epoch:6 0.0000  0.0000  0.0000  -1.0000  0.0000  0.0000  0.0000  0.0000  0.0000  -1.0000  0.0000  0.0000  0.1675  0.010000
epoch:7 0.1015  0.3589  0.0020  -1.0000  0.1266  0.0974  0.1824  0.3294  0.3294  -1.0000  0.3300  0.3292  0.1809  0.010000
epoch:8 0.1357  0.4252  0.0241  -1.0000  0.1800  0.1296  0.2618  0.3794  0.3824  -1.0000  0.4600  0.3500  0.1768  0.003300
epoch:9 0.1563  0.4688  0.0336  -1.0000  0.1777  0.1593  0.2882  0.3735  0.3735  -1.0000  0.3800  0.3708  0.1695  0.003300
epoch:10 0.2147  0.5949  0.0322  -1.0000  0.2999  0.2160  0.3206  0.4176  0.4176  -1.0000  0.3700  0.4375  0.1613  0.003300
epoch:11 0.1894  0.5643  0.0868  -1.0000  0.2363  0.1995  0.3206  0.4147  0.4176  -1.0000  0.3900  0.4292  0.1617  0.001089
epoch:12 0.2172  0.6003  0.0271  -1.0000  0.2837  0.2063  0.2676  0.3853  0.3912  -1.0000  0.3500  0.4083  0.1486  0.001089
epoch:13 0.2462  0.6211  0.0888  -1.0000  0.2676  0.2544  0.3853  0.4529  0.4529  -1.0000  0.4600  0.4500  0.1508  0.001089
epoch:14 0.2069  0.6429  0.0838  -1.0000  0.2583  0.2105  0.2971  0.3794  0.3794  -1.0000  0.3300  0.4000  0.1520  0.000359
epoch:15 0.1951  0.6311  0.0192  -1.0000  0.2658  0.1833  0.2853  0.3941  0.3941  -1.0000  0.3500  0.4125  0.1531  0.000359
epoch:16 0.2094  0.6259  0.0619  -1.0000  0.2316  0.2251  0.3206  0.4059  0.4059  -1.0000  0.3600  0.4250  0.1497  0.000359
epoch:17 0.2097  0.6718  0.0580  -1.0000  0.2931  0.1953  0.2912  0.4294  0.4294  -1.0000  0.4100  0.4375  0.1459  0.000119
epoch:18 0.2530  0.6678  0.0953  -1.0000  0.2756  0.2561  0.3029  0.4029  0.4059  -1.0000  0.3600  0.4250  0.1447  0.000119
epoch:19 0.2752  0.6882  0.1319  -1.0000  0.3493  0.2626  0.3441  0.4382  0.4382  -1.0000  0.4000  0.4542  0.1472  0.000119
epoch:20 0.2171  0.6150  0.0136  -1.0000  0.3100  0.1998  0.2971  0.4176  0.4176  -1.0000  0.4700  0.3958  0.1466  0.000039
epoch:21 0.2573  0.6527  0.0698  -1.0000  0.3929  0.2379  0.3294  0.4618  0.4618  -1.0000  0.4800  0.4542  0.1493  0.000039
epoch:22 0.2515  0.6700  0.0743  -1.0000  0.3309  0.2385  0.3382  0.4176  0.4176  -1.0000  0.4600  0.4000  0.1457  0.000039
epoch:23 0.2542  0.6510  0.1168  -1.0000  0.2603  0.2534  0.3029  0.4088  0.4088  -1.0000  0.4400  0.3958  0.1474  0.000013
epoch:24 0.2409  0.6575  0.0404  -1.0000  0.3697  0.2247  0.2912  0.4324  0.4324  -1.0000  0.4500  0.4250  0.1514  0.000013
