epoch:0 0.0000  0.0000  0.0000  0.0000  0.0000  0.0000  0.0000  0.0000  0.0000  0.0000  0.0000  0.0000  0.5231  0.005000
epoch:1 0.0000  0.0000  0.0000  0.0000  0.0000  0.0000  0.0000  0.0000  0.0000  0.0000  0.0000  0.0000  0.1374  0.005000
epoch:2 0.0134  0.0570  0.0051  0.0000  0.0201  0.0257  0.0267  0.0920  0.1080  0.0000  0.1054  0.1467  0.1142  0.005000
epoch:3 0.0253  0.1024  0.0013  0.0000  0.0310  0.0267  0.0733  0.1400  0.1853  0.0000  0.1911  0.2133  0.1001  0.005000
epoch:4 0.0264  0.0945  0.0102  0.0008  0.0295  0.0407  0.0587  0.1333  0.1533  0.0250  0.1321  0.2667  0.0983  0.005000
epoch:5 0.0524  0.2109  0.0014  0.0114  0.0596  0.0892  0.1133  0.2067  0.2360  0.1250  0.2268  0.3000  0.0940  0.005000
epoch:6 0.0983  0.3285  0.0354  0.0026  0.1064  0.1200  0.1213  0.2573  0.2853  0.0250  0.2911  0.3333  0.0924  0.005000
epoch:7 0.1294  0.4201  0.0134  0.1864  0.1272  0.2074  0.2107  0.2947  0.3147  0.2000  0.3161  0.3400  0.0872  0.005000
epoch:8 0.1666  0.5207  0.0678  0.1710  0.1523  0.3198  0.2333  0.3413  0.3653  0.1750  0.3500  0.4733  0.0813  0.001650
epoch:9 0.1674  0.5073  0.0582  0.1411  0.1588  0.2580  0.2213  0.3427  0.3613  0.1500  0.3518  0.4533  0.0794  0.001650
epoch:10 0.1698  0.5370  0.0296  0.1535  0.1548  0.2845  0.2147  0.3307  0.3427  0.1500  0.3286  0.4467  0.0799  0.001650
epoch:11 0.1990  0.5987  0.0449  0.1525  0.1798  0.3374  0.2387  0.3373  0.3547  0.1500  0.3393  0.4667  0.0744  0.000545
epoch:12 0.1913  0.5808  0.0504  0.1926  0.1822  0.2928  0.2307  0.3293  0.3507  0.2000  0.3429  0.4200  0.0740  0.000545
epoch:13 0.1968  0.6121  0.0540  0.1875  0.1906  0.2742  0.2307  0.3387  0.3507  0.2000  0.3500  0.3933  0.0753  0.000545
epoch:14 0.2027  0.6224  0.0727  0.2132  0.1925  0.2941  0.2293  0.3387  0.3573  0.2250  0.3464  0.4333  0.0761  0.000180
epoch:15 0.2167  0.6125  0.0597  0.1792  0.2055  0.3163  0.2413  0.3573  0.3773  0.2000  0.3732  0.4400  0.0767  0.000180
epoch:16 0.2292  0.6182  0.0659  0.1525  0.2260  0.3038  0.2573  0.3720  0.3867  0.1500  0.3857  0.4533  0.0767  0.000180
