epoch:0 0.0000  0.0000  0.0000  -1.0000  0.0000  0.0000  0.0000  0.0000  0.0000  -1.0000  0.0000  0.0000  1.4776  0.001000
epoch:1 0.0000  0.0000  0.0000  -1.0000  0.0000  0.0000  0.0000  0.0000  0.0000  -1.0000  0.0000  0.0000  8.9461  0.001000
epoch:2 0.0000  0.0000  0.0000  -1.0000  0.0000  0.0000  0.0000  0.0000  0.0000  -1.0000  0.0000  0.0000  6.7888  0.001000
epoch:3 0.0000  0.0000  0.0000  -1.0000  0.0000  0.0000  0.0000  0.0000  0.0000  -1.0000  0.0000  0.0000  3.9769  0.001000
epoch:4 0.0000  0.0000  0.0000  -1.0000  0.0000  0.0000  0.0000  0.0000  0.0000  -1.0000  0.0000  0.0000  10.4317  0.001000
epoch:5 0.0000  0.0000  0.0000  -1.0000  0.0000  0.0000  0.0000  0.0000  0.0000  -1.0000  0.0000  0.0000  1.4922  0.001000
epoch:6 0.0000  0.0000  0.0000  -1.0000  0.0000  0.0000  0.0000  0.0000  0.0000  -1.0000  0.0000  0.0000  10.9675  0.001000
epoch:7 0.0000  0.0000  0.0000  -1.0000  0.0000  0.0000  0.0000  0.0000  0.0000  -1.0000  0.0000  0.0000  7.8272  0.001000
epoch:8 0.0000  0.0000  0.0000  -1.0000  0.0000  0.0000  0.0000  0.0000  0.0000  -1.0000  0.0000  0.0000  2.7625  0.000330
epoch:9 0.0000  0.0000  0.0000  -1.0000  0.0000  0.0000  0.0000  0.0000  0.0000  -1.0000  0.0000  0.0000  1.1669  0.000330
epoch:10 0.0004  0.0017  0.0000  -1.0000  0.0001  0.0019  0.0000  0.0012  0.0098  -1.0000  0.0036  0.0130  0.6137  0.000330
epoch:11 0.0012  0.0061  0.0002  -1.0000  0.0000  0.0062  0.0000  0.0061  0.0402  -1.0000  0.0036  0.0593  0.5389  0.000109
epoch:12 0.0017  0.0112  0.0002  -1.0000  0.0004  0.0068  0.0000  0.0061  0.0512  -1.0000  0.0143  0.0704  0.4797  0.000109
epoch:13 0.0016  0.0092  0.0003  -1.0000  0.0005  0.0060  0.0000  0.0098  0.0537  -1.0000  0.0143  0.0741  0.4849  0.000109
epoch:14 0.0014  0.0075  0.0002  -1.0000  0.0003  0.0057  0.0012  0.0098  0.0524  -1.0000  0.0143  0.0722  0.4396  0.000036
epoch:15 0.0010  0.0062  0.0001  -1.0000  0.0003  0.0039  0.0000  0.0024  0.0451  -1.0000  0.0143  0.0611  0.4737  0.000036
epoch:16 0.0010  0.0065  0.0000  -1.0000  0.0002  0.0040  0.0000  0.0085  0.0439  -1.0000  0.0143  0.0593  0.4920  0.000036
epoch:17 0.0009  0.0050  0.0001  -1.0000  0.0000  0.0042  0.0000  0.0049  0.0488  -1.0000  0.0107  0.0685  0.4536  0.000012
epoch:18 0.0009  0.0053  0.0001  -1.0000  0.0000  0.0039  0.0000  0.0037  0.0451  -1.0000  0.0107  0.0630  0.4834  0.000012
epoch:19 0.0008  0.0049  0.0001  -1.0000  0.0000  0.0035  0.0000  0.0049  0.0427  -1.0000  0.0107  0.0593  0.4819  0.000012
epoch:20 0.0009  0.0053  0.0001  -1.0000  0.0001  0.0034  0.0000  0.0061  0.0439  -1.0000  0.0143  0.0593  0.4892  0.000004
epoch:21 0.0007  0.0035  0.0000  -1.0000  0.0000  0.0029  0.0000  0.0037  0.0390  -1.0000  0.0107  0.0537  0.4604  0.000004
epoch:22 0.0007  0.0036  0.0001  -1.0000  0.0000  0.0030  0.0000  0.0037  0.0402  -1.0000  0.0107  0.0556  0.4073  0.000004
epoch:23 0.0007  0.0039  0.0000  -1.0000  0.0000  0.0029  0.0000  0.0012  0.0390  -1.0000  0.0107  0.0537  0.4760  0.000001
epoch:24 0.0010  0.0066  0.0000  -1.0000  0.0001  0.0036  0.0000  0.0012  0.0415  -1.0000  0.0143  0.0556  0.4524  0.000001
epoch:25 0.0009  0.0048  0.0000  -1.0000  0.0001  0.0033  0.0000  0.0037  0.0463  -1.0000  0.0143  0.0630  0.4595  0.000001
epoch:26 0.0008  0.0046  0.0000  -1.0000  0.0001  0.0034  0.0000  0.0012  0.0463  -1.0000  0.0143  0.0630  0.4579  0.000000
epoch:27 0.0011  0.0075  0.0000  -1.0000  0.0001  0.0040  0.0000  0.0037  0.0463  -1.0000  0.0143  0.0630  0.4529  0.000000
epoch:28 0.0008  0.0046  0.0000  -1.0000  0.0001  0.0033  0.0000  0.0037  0.0463  -1.0000  0.0143  0.0630  0.4401  0.000000
epoch:29 0.0009  0.0051  0.0001  -1.0000  0.0001  0.0034  0.0000  0.0037  0.0427  -1.0000  0.0143  0.0574  0.4613  0.000000
epoch:30 0.0009  0.0051  0.0001  -1.0000  0.0001  0.0033  0.0000  0.0037  0.0427  -1.0000  0.0143  0.0574  0.4771  0.000000
epoch:31 0.0008  0.0051  0.0000  -1.0000  0.0001  0.0033  0.0000  0.0037  0.0415  -1.0000  0.0143  0.0556  0.4668  0.000000
epoch:32 0.0008  0.0047  0.0000  -1.0000  0.0001  0.0034  0.0000  0.0037  0.0415  -1.0000  0.0143  0.0556  0.4230  0.000000
epoch:33 0.0011  0.0074  0.0000  -1.0000  0.0001  0.0039  0.0000  0.0012  0.0463  -1.0000  0.0143  0.0630  0.4820  0.000000
epoch:34 0.0010  0.0066  0.0000  -1.0000  0.0000  0.0035  0.0000  0.0012  0.0402  -1.0000  0.0107  0.0556  0.4136  0.000000
