epoch:0 0.0000  0.0000  0.0000  -1.0000  -1.0000  0.0000  0.0000  0.0000  0.0000  -1.0000  -1.0000  0.0000  0.9085  0.005000
epoch:1 0.0000  0.0000  0.0000  -1.0000  -1.0000  0.0000  0.0000  0.0000  0.0000  -1.0000  -1.0000  0.0000  0.2858  0.005000
epoch:2 0.0000  0.0000  0.0000  -1.0000  -1.0000  0.0000  0.0000  0.0000  0.0000  -1.0000  -1.0000  0.0000  0.2730  0.005000
epoch:3 0.0041  0.0169  0.0000  -1.0000  -1.0000  0.0277  0.0000  0.0333  0.2800  -1.0000  -1.0000  0.2800  0.2323  0.005000
epoch:4 0.0000  0.0000  0.0000  -1.0000  -1.0000  0.0000  0.0000  0.0000  0.0000  -1.0000  -1.0000  0.0000  0.2074  0.005000
epoch:5 0.0723  0.3482  0.0000  -1.0000  -1.0000  0.0899  0.1067  0.2667  0.2667  -1.0000  -1.0000  0.2667  0.1628  0.005000
epoch:6 0.1427  0.4788  0.0018  -1.0000  -1.0000  0.1589  0.2533  0.3600  0.3733  -1.0000  -1.0000  0.3733  0.1357  0.005000
epoch:7 0.1894  0.5436  0.0267  -1.0000  -1.0000  0.2005  0.3333  0.4133  0.4133  -1.0000  -1.0000  0.4133  0.1318  0.005000
epoch:8 0.1550  0.5270  0.0903  -1.0000  -1.0000  0.1601  0.3000  0.3600  0.3600  -1.0000  -1.0000  0.3600  0.1326  0.001650
epoch:9 0.1749  0.5635  0.0171  -1.0000  -1.0000  0.1807  0.2600  0.3867  0.3867  -1.0000  -1.0000  0.3867  0.1226  0.001650
epoch:10 0.2312  0.6988  0.0970  -1.0000  -1.0000  0.2413  0.2867  0.3933  0.3933  -1.0000  -1.0000  0.3933  0.1160  0.001650
epoch:11 0.2779  0.6874  0.1216  -1.0000  -1.0000  0.2863  0.3333  0.4533  0.4533  -1.0000  -1.0000  0.4533  0.1108  0.000545
epoch:12 0.2628  0.7642  0.0788  -1.0000  -1.0000  0.2655  0.3067  0.4467  0.4467  -1.0000  -1.0000  0.4467  0.1130  0.000545
epoch:13 0.2730  0.7313  0.0970  -1.0000  -1.0000  0.2771  0.3067  0.3933  0.3933  -1.0000  -1.0000  0.3933  0.1145  0.000545
epoch:14 0.2891  0.7336  0.1345  -1.0000  -1.0000  0.2935  0.3333  0.4333  0.4333  -1.0000  -1.0000  0.4333  0.1144  0.000180
epoch:15 0.2660  0.7613  0.0939  -1.0000  -1.0000  0.2704  0.3067  0.4133  0.4133  -1.0000  -1.0000  0.4133  0.1126  0.000180
epoch:16 0.2694  0.7661  0.0924  -1.0000  -1.0000  0.2714  0.3067  0.4133  0.4133  -1.0000  -1.0000  0.4133  0.1108  0.000180
epoch:17 0.2845  0.7574  0.0520  -1.0000  -1.0000  0.2876  0.3467  0.4400  0.4400  -1.0000  -1.0000  0.4400  0.1036  0.000059
epoch:18 0.3147  0.7819  0.0989  -1.0000  -1.0000  0.3173  0.3533  0.4467  0.4467  -1.0000  -1.0000  0.4467  0.1014  0.000059
epoch:19 0.2878  0.7721  0.0974  -1.0000  -1.0000  0.2914  0.3267  0.4267  0.4267  -1.0000  -1.0000  0.4267  0.1043  0.000059
epoch:20 0.3094  0.7768  0.1733  -1.0000  -1.0000  0.3121  0.3600  0.4533  0.4533  -1.0000  -1.0000  0.4533  0.1080  0.000020
epoch:21 0.2629  0.7612  0.0693  -1.0000  -1.0000  0.2665  0.2867  0.4067  0.4067  -1.0000  -1.0000  0.4067  0.1100  0.000020
epoch:22 0.2655  0.7516  0.0735  -1.0000  -1.0000  0.2720  0.3067  0.4067  0.4067  -1.0000  -1.0000  0.4067  0.1163  0.000020
epoch:23 0.2942  0.7829  0.1030  -1.0000  -1.0000  0.2983  0.3333  0.4200  0.4200  -1.0000  -1.0000  0.4200  0.1088  0.000006
epoch:24 0.3025  0.8046  0.1103  -1.0000  -1.0000  0.3073  0.3333  0.4400  0.4400  -1.0000  -1.0000  0.4400  0.1068  0.000006
