epoch:0 0.0000  0.0000  0.0000  0.0000  0.0000  0.0000  0.0000  0.0000  0.0000  0.0000  0.0000  0.0000  0.5756  0.005000
epoch:1 0.0000  0.0000  0.0000  0.0000  0.0000  0.0000  0.0000  0.0000  0.0000  0.0000  0.0000  0.0000  0.2308  0.005000
epoch:2 0.0022  0.0114  0.0000  0.0000  0.0022  0.0000  0.0037  0.0065  0.0065  0.0000  0.0066  0.0000  0.2268  0.005000
epoch:3 0.0008  0.0041  0.0000  0.0000  0.0008  0.0000  0.0015  0.0040  0.0040  0.0000  0.0041  0.0000  0.2221  0.005000
epoch:4 0.0031  0.0154  0.0001  0.0000  0.0031  0.0000  0.0025  0.0279  0.0464  0.0000  0.0475  0.0000  0.2238  0.005000
epoch:5 0.0092  0.0518  0.0001  0.0000  0.0094  0.0000  0.0108  0.0601  0.1288  0.0000  0.1316  0.0000  0.2101  0.005000
epoch:6 0.0523  0.2557  0.0011  0.0000  0.0535  0.0000  0.0263  0.1297  0.2406  0.0000  0.2459  0.0000  0.2001  0.005000
epoch:7 0.0860  0.3436  0.0082  0.0000  0.0878  0.1000  0.0350  0.1913  0.3245  0.0000  0.3313  0.1000  0.2143  0.005000
epoch:8 0.1189  0.4492  0.0179  0.0000  0.1210  0.1700  0.0381  0.2483  0.3399  0.0000  0.3462  0.4000  0.2326  0.001650
epoch:9 0.1563  0.5716  0.0234  0.0000  0.1597  0.1000  0.0638  0.2697  0.3347  0.0000  0.3418  0.1000  0.2325  0.001650
epoch:10 0.1277  0.4622  0.0265  0.0244  0.1301  0.5000  0.0523  0.2464  0.3579  0.0667  0.3630  0.5000  0.2376  0.001650
epoch:11 0.1691  0.5908  0.0316  0.0000  0.1721  0.4000  0.0641  0.2882  0.3607  0.0000  0.3674  0.4000  0.2380  0.000545
epoch:12 0.1575  0.5873  0.0232  0.0000  0.1603  0.3667  0.0579  0.2656  0.3356  0.0000  0.3415  0.5000  0.2438  0.000545
epoch:13 0.1619  0.6379  0.0230  0.0000  0.1651  0.2000  0.0616  0.2728  0.3359  0.0000  0.3427  0.2000  0.2341  0.000545
epoch:14 0.1715  0.6316  0.0200  0.0168  0.1748  0.3000  0.0635  0.2842  0.3520  0.0167  0.3585  0.3000  0.2418  0.000180
epoch:15 0.1734  0.6581  0.0387  0.0000  0.1765  0.4000  0.0675  0.2929  0.3486  0.0000  0.3551  0.4000  0.2404  0.000180
epoch:16 0.1876  0.6425  0.0575  0.0000  0.1912  0.2000  0.0635  0.3022  0.3659  0.0000  0.3734  0.2000  0.2477  0.000180
epoch:17 0.1941  0.6545  0.0345  0.0000  0.1975  0.3000  0.0768  0.3006  0.3632  0.0000  0.3703  0.3000  0.2381  0.000059
epoch:18 0.1809  0.6378  0.0448  0.0000  0.1843  0.2000  0.0672  0.2898  0.3582  0.0000  0.3655  0.2000  0.2451  0.000059
epoch:19 0.1822  0.6165  0.0327  0.0337  0.1854  0.2000  0.0755  0.2799  0.3471  0.0333  0.3535  0.2000  0.2395  0.000059
epoch:20 0.1802  0.6407  0.0334  0.0168  0.1832  0.6000  0.0632  0.2960  0.3610  0.0167  0.3668  0.6000  0.2421  0.000020
epoch:21 0.1790  0.6239  0.0259  0.0000  0.1825  0.2000  0.0693  0.2867  0.3461  0.0000  0.3532  0.2000  0.2390  0.000020
