epoch:0 0.0105  0.0517  0.0003  0.0000  0.0112  0.0079  0.0099  0.0429  0.1170  0.0000  0.1242  0.0818  0.5286  0.005000
epoch:1 0.0315  0.1260  0.0010  0.0019  0.0328  0.0527  0.0183  0.0895  0.2098  0.0214  0.2155  0.3591  0.3149  0.005000
epoch:2 0.0595  0.2271  0.0097  0.0033  0.0617  0.1197  0.0299  0.1223  0.2393  0.0071  0.2472  0.3955  0.3284  0.005000
epoch:3 0.0722  0.2861  0.0069  0.0058  0.0729  0.1828  0.0325  0.1357  0.2659  0.0595  0.2736  0.3773  0.3301  0.005000
epoch:4 0.0847  0.3062  0.0086  0.0014  0.0840  0.2814  0.0406  0.1457  0.2801  0.0333  0.2887  0.4364  0.3435  0.005000
epoch:5 0.2265  0.6985  0.0494  0.0052  0.2377  0.3411  0.0519  0.2836  0.3838  0.1262  0.3939  0.5045  0.3674  0.010000
epoch:6 0.3144  0.8411  0.1100  0.0766  0.3211  0.4664  0.0690  0.3565  0.4357  0.1452  0.4481  0.5364  0.3637  0.010000
epoch:7 0.3520  0.8630  0.1892  0.0541  0.3603  0.5442  0.0725  0.3879  0.4638  0.2048  0.4728  0.6227  0.3340  0.010000
epoch:8 0.4279  0.9012  0.2963  0.0828  0.4390  0.5471  0.0847  0.4553  0.5230  0.2119  0.5373  0.5955  0.2923  0.003300
epoch:9 0.4143  0.9034  0.2737  0.0959  0.4275  0.5374  0.0820  0.4412  0.5043  0.1548  0.5199  0.6045  0.2828  0.003300
epoch:10 0.4241  0.9059  0.2975  0.0640  0.4391  0.4894  0.0813  0.4511  0.5145  0.1524  0.5338  0.5091  0.2722  0.003300
epoch:11 0.4358  0.9086  0.3358  0.0916  0.4494  0.5419  0.0836  0.4598  0.5219  0.1786  0.5381  0.5909  0.2545  0.001089
epoch:12 0.4417  0.9072  0.3489  0.0660  0.4582  0.5502  0.0861  0.4680  0.5345  0.1571  0.5527  0.5955  0.2506  0.001089
epoch:13 0.4303  0.9119  0.3144  0.0823  0.4435  0.5621  0.0866  0.4594  0.5220  0.1548  0.5392  0.6000  0.2469  0.001089
epoch:14 0.4426  0.9140  0.3395  0.0683  0.4570  0.5684  0.0880  0.4683  0.5303  0.1357  0.5491  0.6045  0.2408  0.000359
epoch:15 0.4385  0.9051  0.3268  0.0527  0.4523  0.5774  0.0861  0.4669  0.5299  0.1405  0.5481  0.6136  0.2399  0.000359
epoch:16 0.4372  0.9044  0.3288  0.0655  0.4530  0.5383  0.0866  0.4649  0.5278  0.1452  0.5465  0.5773  0.2381  0.000359
epoch:17 0.4442  0.9083  0.3433  0.0629  0.4596  0.5526  0.0869  0.4693  0.5334  0.1429  0.5522  0.5955  0.2347  0.000119
epoch:18 0.4396  0.9119  0.3342  0.0699  0.4542  0.5550  0.0855  0.4653  0.5298  0.1524  0.5479  0.5955  0.2353  0.000119
epoch:19 0.4439  0.9080  0.3499  0.0640  0.4590  0.5729  0.0884  0.4705  0.5315  0.1429  0.5501  0.6000  0.2350  0.000119
epoch:20 0.4403  0.9064  0.3214  0.0771  0.4546  0.5623  0.0857  0.4655  0.5293  0.1548  0.5470  0.6000  0.2325  0.000039
epoch:21 0.4424  0.9059  0.3345  0.0639  0.4575  0.5600  0.0860  0.4649  0.5308  0.1381  0.5496  0.5955  0.2316  0.000039
epoch:22 0.4408  0.9063  0.3282  0.0670  0.4549  0.5667  0.0855  0.4677  0.5311  0.1452  0.5494  0.6045  0.2321  0.000039
epoch:23 0.4443  0.9049  0.3385  0.0591  0.4603  0.5675  0.0874  0.4686  0.5352  0.1548  0.5532  0.6091  0.2348  0.000013
epoch:24 0.4432  0.9076  0.3327  0.0679  0.4570  0.5625  0.0865  0.4665  0.5326  0.1524  0.5506  0.6000  0.2309  0.000013
