epoch:0 0.0004  0.0026  0.0000  0.0000  0.0005  0.0000  0.0005  0.0061  0.0426  0.0000  0.0459  0.0000  0.5280  0.005000
epoch:1 0.0024  0.0113  0.0000  0.0030  0.0025  0.0000  0.0031  0.0146  0.0382  0.0026  0.0410  0.0000  0.3140  0.005000
epoch:2 0.0036  0.0212  0.0001  0.0000  0.0038  0.0006  0.0054  0.0238  0.0614  0.0000  0.0660  0.0045  0.3117  0.005000
epoch:3 0.0072  0.0325  0.0001  0.0030  0.0075  0.0143  0.0092  0.0302  0.0651  0.0026  0.0692  0.0273  0.3228  0.001650
epoch:4 0.0058  0.0258  0.0034  0.0004  0.0057  0.0434  0.0060  0.0305  0.0739  0.0026  0.0749  0.1591  0.3159  0.001650
epoch:5 0.0644  0.2627  0.0058  0.0039  0.0690  0.1088  0.0286  0.1195  0.2783  0.0447  0.2892  0.2864  0.3324  0.005000
epoch:6 0.1514  0.5022  0.0198  0.0306  0.1551  0.3432  0.0430  0.2145  0.3686  0.0395  0.3829  0.4182  0.3603  0.005000
epoch:7 0.2522  0.7452  0.0607  0.0048  0.2628  0.3576  0.0599  0.2980  0.3799  0.0658  0.3929  0.4455  0.3488  0.005000
epoch:8 0.3330  0.8521  0.1210  0.0434  0.3460  0.3847  0.0707  0.3698  0.4383  0.1289  0.4537  0.4091  0.3458  0.005000
epoch:9 0.2655  0.7590  0.1011  0.0430  0.2701  0.4373  0.0661  0.3236  0.3856  0.1816  0.3934  0.4455  0.3350  0.005000
epoch:10 0.3283  0.8610  0.1310  0.0430  0.3374  0.4557  0.0719  0.3693  0.4284  0.0789  0.4430  0.4955  0.3268  0.005000
epoch:11 0.3463  0.8714  0.1542  0.0594  0.3543  0.4619  0.0750  0.3824  0.4383  0.1368  0.4505  0.5091  0.3085  0.005000
epoch:12 0.3480  0.8657  0.1540  0.1088  0.3532  0.5175  0.0783  0.3976  0.4493  0.1553  0.4590  0.6000  0.3103  0.005000
epoch:13 0.3944  0.8880  0.2461  0.0400  0.4041  0.5411  0.0816  0.4207  0.4801  0.1579  0.4929  0.5636  0.3123  0.005000
epoch:14 0.3006  0.8483  0.1099  0.1219  0.3058  0.4060  0.0702  0.3552  0.4041  0.1632  0.4144  0.4364  0.2889  0.005000
epoch:15 0.3715  0.8922  0.2049  0.0332  0.3808  0.5016  0.0800  0.4022  0.4642  0.1000  0.4795  0.5364  0.2890  0.005000
epoch:16 0.3934  0.8961  0.2125  0.0607  0.4022  0.5429  0.0817  0.4265  0.4867  0.1395  0.5004  0.5818  0.2897  0.005000
epoch:17 0.3852  0.8989  0.2073  0.0415  0.3963  0.5364  0.0787  0.4212  0.4783  0.0921  0.4934  0.5909  0.2882  0.005000
epoch:18 0.3949  0.8992  0.2463  0.0338  0.4063  0.4831  0.0801  0.4188  0.4835  0.1789  0.4970  0.5136  0.2735  0.005000
epoch:19 0.3879  0.9166  0.1752  0.1021  0.3988  0.4296  0.0765  0.4180  0.4777  0.1632  0.4933  0.4636  0.2765  0.005000
epoch:20 0.3852  0.8807  0.2268  0.0270  0.3963  0.5301  0.0830  0.4208  0.4790  0.0842  0.4950  0.5773  0.2769  0.005000
epoch:21 0.4102  0.9041  0.2581  0.0994  0.4212  0.4791  0.0787  0.4363  0.5002  0.1789  0.5144  0.5318  0.2766  0.005000
epoch:22 0.4108  0.9065  0.2725  0.0889  0.4207  0.5234  0.0872  0.4358  0.4972  0.1895  0.5102  0.5545  0.2785  0.005000
epoch:23 0.3851  0.9042  0.2190  0.1416  0.3920  0.4858  0.0798  0.4149  0.4752  0.1605  0.4885  0.5273  0.2645  0.005000
epoch:24 0.3994  0.8938  0.2326  0.0841  0.4098  0.4921  0.0774  0.4283  0.4926  0.1895  0.5055  0.5364  0.2582  0.005000
