epoch:0 0.0001  0.0006  0.0000  0.0000  0.0001  0.0000  0.0000  0.0000  0.0237  0.0000  0.0241  0.0000  0.6105  0.005000
epoch:1 0.0001  0.0006  0.0000  0.0000  0.0001  0.0000  0.0000  0.0005  0.0005  0.0000  0.0005  0.0000  0.2860  0.005000
epoch:2 0.0000  0.0000  0.0000  0.0000  0.0000  0.0000  0.0000  0.0000  0.0000  0.0000  0.0000  0.0000  0.2748  0.005000
epoch:3 0.0006  0.0033  0.0000  0.0000  0.0008  0.0000  0.0005  0.0081  0.0352  0.0000  0.0359  0.0000  0.2780  0.005000
epoch:4 0.0039  0.0263  0.0001  0.0000  0.0039  0.0000  0.0027  0.0282  0.0863  0.0000  0.0879  0.0000  0.2724  0.005000
epoch:5 0.0232  0.1070  0.0020  0.0011  0.0240  0.0000  0.0102  0.0874  0.1624  0.0167  0.1652  0.0000  0.2637  0.005000
epoch:6 0.0498  0.2347  0.0015  0.0000  0.0507  0.0000  0.0196  0.1194  0.2325  0.0000  0.2370  0.0000  0.2569  0.005000
epoch:7 0.1069  0.4297  0.0096  0.0000  0.1088  0.1500  0.0425  0.1901  0.2860  0.0000  0.2910  0.2000  0.2728  0.005000
epoch:8 0.1700  0.5978  0.0365  0.0000  0.1731  0.0000  0.0573  0.2610  0.3272  0.0000  0.3334  0.0000  0.2798  0.002000
epoch:9 0.1570  0.5925  0.0243  0.0000  0.1592  0.4000  0.0392  0.2503  0.3312  0.0000  0.3364  0.4000  0.2810  0.002000
epoch:10 0.1697  0.5681  0.0285  0.0000  0.1727  0.2000  0.0449  0.2841  0.3680  0.0000  0.3745  0.2000  0.2824  0.002000
epoch:11 0.1748  0.6298  0.0320  0.0000  0.1778  0.1000  0.0508  0.2876  0.3487  0.0000  0.3551  0.1000  0.2854  0.000800
epoch:12 0.1978  0.7056  0.0287  0.0168  0.2005  0.4000  0.0567  0.2917  0.3613  0.0333  0.3666  0.4000  0.2911  0.000800
epoch:13 0.1645  0.6607  0.0123  0.0000  0.1670  0.5000  0.0470  0.2556  0.3237  0.0000  0.3285  0.5000  0.2942  0.000800
epoch:14 0.1948  0.7013  0.0206  0.0000  0.1984  0.1000  0.0487  0.2841  0.3495  0.0000  0.3559  0.1000  0.2917  0.000320
epoch:15 0.2075  0.7242  0.0294  0.0000  0.2109  0.3000  0.0608  0.3059  0.3621  0.0000  0.3682  0.3000  0.2886  0.000320
epoch:16 0.1984  0.6924  0.0391  0.0056  0.2010  0.6000  0.0608  0.2941  0.3511  0.0333  0.3556  0.6000  0.2876  0.000320
epoch:17 0.2044  0.7386  0.0320  0.0337  0.2076  0.0000  0.0546  0.3038  0.3653  0.0333  0.3718  0.0000  0.2841  0.000128
epoch:18 0.2091  0.7140  0.0271  0.0168  0.2131  0.1000  0.0616  0.3038  0.3632  0.0167  0.3696  0.1000  0.2887  0.000128
epoch:19 0.2029  0.6807  0.0325  0.0216  0.2062  0.4000  0.0540  0.2989  0.3632  0.0333  0.3685  0.4000  0.2901  0.000128
epoch:20 0.2186  0.7403  0.0394  0.0547  0.2214  0.3000  0.0597  0.3220  0.3761  0.0667  0.3814  0.3000  0.2893  0.000051
epoch:21 0.2209  0.7164  0.0501  0.0168  0.2240  0.4000  0.0648  0.3167  0.3702  0.0167  0.3759  0.4000  0.2874  0.000051
epoch:22 0.1991  0.7096  0.0338  0.0168  0.2015  0.5000  0.0669  0.2946  0.3500  0.0167  0.3551  0.5000  0.2923  0.000051
epoch:23 0.2136  0.7618  0.0273  0.0000  0.2172  0.4000  0.0567  0.3059  0.3565  0.0000  0.3622  0.4000  0.2916  0.000020
epoch:24 0.2140  0.7334  0.0298  0.0000  0.2173  0.2000  0.0548  0.3094  0.3645  0.0000  0.3710  0.2000  0.2917  0.000020
epoch:25 0.2150  0.7351  0.0392  0.0000  0.2189  0.2000  0.0581  0.3153  0.3618  0.0000  0.3682  0.2000  0.2862  0.000020
epoch:26 0.2106  0.6983  0.0341  0.0000  0.2145  0.2000  0.0573  0.3153  0.3618  0.0000  0.3682  0.2000  0.2885  0.000008
epoch:27 0.2129  0.7537  0.0396  0.0019  0.2164  0.2000  0.0586  0.3094  0.3594  0.0167  0.3655  0.2000  0.2847  0.000008
epoch:28 0.2138  0.7289  0.0396  0.0034  0.2172  0.3000  0.0551  0.3043  0.3634  0.0167  0.3693  0.3000  0.2934  0.000008
epoch:29 0.2038  0.7027  0.0333  0.0000  0.2075  0.3000  0.0608  0.3011  0.3602  0.0000  0.3663  0.3000  0.2885  0.000003
epoch:30 0.2077  0.7044  0.0338  0.0034  0.2108  0.4000  0.0583  0.3140  0.3522  0.0167  0.3575  0.4000  0.2881  0.000003
epoch:31 0.2079  0.7324  0.0341  0.0000  0.2115  0.3000  0.0559  0.3043  0.3567  0.0000  0.3627  0.3000  0.2897  0.000003
epoch:32 0.2151  0.7431  0.0404  0.0000  0.2189  0.3000  0.0613  0.3153  0.3573  0.0000  0.3633  0.3000  0.2852  0.000001
epoch:33 0.2146  0.7355  0.0307  0.0206  0.2180  0.3000  0.0624  0.3051  0.3575  0.0333  0.3630  0.3000  0.2848  0.000001
epoch:34 0.2079  0.7090  0.0300  0.0168  0.2112  0.3000  0.0624  0.3008  0.3516  0.0167  0.3573  0.3000  0.2874  0.000001
epoch:35 0.2051  0.7324  0.0273  0.0000  0.2090  0.4000  0.0634  0.2995  0.3470  0.0000  0.3526  0.4000  0.2861  0.000001
epoch:36 0.2103  0.7289  0.0378  0.0000  0.2138  0.3000  0.0618  0.3108  0.3516  0.0000  0.3575  0.3000  0.2886  0.000001
epoch:37 0.2192  0.7568  0.0445  0.0013  0.2227  0.2000  0.0530  0.3207  0.3651  0.0167  0.3712  0.2000  0.2882  0.000001
epoch:38 0.2086  0.7038  0.0393  0.0061  0.2118  0.4000  0.0613  0.3083  0.3581  0.0667  0.3627  0.4000  0.2871  0.000000
epoch:39 0.2129  0.7231  0.0420  0.0151  0.2166  0.2000  0.0538  0.3140  0.3648  0.0333  0.3707  0.2000  0.2834  0.000000
epoch:40 0.2073  0.7216  0.0402  0.0028  0.2105  0.3000  0.0573  0.3105  0.3532  0.0167  0.3589  0.3000  0.2876  0.000000
epoch:41 0.2074  0.7129  0.0329  0.0000  0.2113  0.3000  0.0554  0.3078  0.3616  0.0000  0.3677  0.3000  0.2858  0.000000
epoch:42 0.2050  0.7318  0.0415  0.0000  0.2083  0.2000  0.0573  0.3019  0.3524  0.0000  0.3586  0.2000  0.2865  0.000000
epoch:43 0.2003  0.6946  0.0346  0.0000  0.2039  0.2000  0.0616  0.3022  0.3535  0.0000  0.3597  0.2000  0.2905  0.000000
epoch:44 0.2007  0.6875  0.0494  0.0084  0.2041  0.3000  0.0548  0.3040  0.3616  0.0167  0.3674  0.3000  0.2848  0.000000
epoch:45 0.2011  0.7083  0.0339  0.0000  0.2043  0.2000  0.0594  0.3024  0.3597  0.0000  0.3660  0.2000  0.2814  0.000000
epoch:46 0.2097  0.7377  0.0399  0.0042  0.2132  0.1000  0.0602  0.3078  0.3656  0.0333  0.3718  0.1000  0.2857  0.000000
