epoch:0 0.0000  0.0000  0.0000  -1.0000  0.0000  0.0000  0.0000  0.0000  0.0000  -1.0000  0.0000  0.0000  0.6872  0.005000
epoch:1 0.0000  0.0000  0.0000  -1.0000  0.0000  0.0000  0.0000  0.0000  0.0000  -1.0000  0.0000  0.0000  0.2306  0.005000
epoch:2 0.0000  0.0000  0.0000  -1.0000  0.0000  0.0000  0.0000  0.0000  0.0000  -1.0000  0.0000  0.0000  0.1602  0.005000
epoch:3 0.0282  0.1671  0.0029  -1.0000  0.0438  0.0566  0.0867  0.1033  0.1100  -1.0000  0.0800  0.1250  0.1038  0.005000
epoch:4 0.0152  0.0973  0.0007  -1.0000  0.0078  0.0749  0.0367  0.1300  0.1367  -1.0000  0.1100  0.1500  0.0877  0.005000
epoch:5 0.1282  0.4366  0.0244  -1.0000  0.0721  0.2515  0.2200  0.3700  0.3700  -1.0000  0.2800  0.4150  0.0962  0.005000
epoch:6 0.1445  0.4425  0.0297  -1.0000  0.0590  0.3597  0.2033  0.4033  0.4033  -1.0000  0.3900  0.4100  0.1015  0.005000
epoch:7 0.2734  0.6813  0.0555  -1.0000  0.1138  0.3800  0.3300  0.4367  0.4367  -1.0000  0.3600  0.4750  0.0852  0.005000
epoch:8 0.2484  0.7574  0.0454  -1.0000  0.1271  0.3312  0.3000  0.3900  0.3900  -1.0000  0.3100  0.4300  0.0802  0.001650
epoch:9 0.2495  0.7670  0.0840  -1.0000  0.1467  0.3630  0.3033  0.4533  0.4533  -1.0000  0.4000  0.4800  0.0781  0.001650
epoch:10 0.2848  0.7694  0.1101  -1.0000  0.1169  0.4266  0.3400  0.4500  0.4500  -1.0000  0.3300  0.5100  0.0853  0.001650
epoch:11 0.3133  0.8143  0.1146  -1.0000  0.1486  0.4554  0.3733  0.4700  0.4700  -1.0000  0.3500  0.5300  0.0745  0.000545
epoch:12 0.2857  0.8023  0.0706  -1.0000  0.1557  0.4251  0.3400  0.4433  0.4433  -1.0000  0.3300  0.5000  0.0733  0.000545
epoch:13 0.3649  0.8141  0.1463  -1.0000  0.2163  0.4712  0.4000  0.4833  0.4833  -1.0000  0.3900  0.5300  0.0749  0.000545
epoch:14 0.3368  0.8336  0.1101  -1.0000  0.2005  0.4375  0.3967  0.4767  0.4767  -1.0000  0.4100  0.5100  0.0693  0.000180
epoch:15 0.3311  0.8283  0.1046  -1.0000  0.1790  0.4503  0.3700  0.4633  0.4633  -1.0000  0.3800  0.5050  0.0695  0.000180
epoch:16 0.3306  0.7678  0.1486  -1.0000  0.1616  0.4592  0.3567  0.4533  0.4533  -1.0000  0.3800  0.4900  0.0686  0.000180
epoch:17 0.3617  0.7800  0.2382  -1.0000  0.1888  0.4934  0.3867  0.5067  0.5067  -1.0000  0.4000  0.5600  0.0700  0.000059
epoch:18 0.3732  0.8070  0.1985  -1.0000  0.2155  0.5033  0.4133  0.4933  0.4933  -1.0000  0.3800  0.5500  0.0708  0.000059
epoch:19 0.3448  0.8442  0.0972  -1.0000  0.2133  0.4598  0.3933  0.4700  0.4700  -1.0000  0.4000  0.5050  0.0634  0.000059
epoch:20 0.3340  0.8270  0.0912  -1.0000  0.1895  0.4532  0.3867  0.4700  0.4700  -1.0000  0.4000  0.5050  0.0660  0.000020
epoch:21 0.3355  0.8311  0.0984  -1.0000  0.1989  0.4556  0.3700  0.4733  0.4733  -1.0000  0.3900  0.5150  0.0713  0.000020
epoch:22 0.3295  0.8393  0.0788  -1.0000  0.2012  0.4255  0.3867  0.4533  0.4533  -1.0000  0.3900  0.4850  0.0700  0.000020
epoch:23 0.3564  0.8340  0.1710  -1.0000  0.1841  0.4897  0.3867  0.4833  0.4833  -1.0000  0.3800  0.5350  0.0671  0.000006
epoch:24 0.3629  0.8477  0.1300  -1.0000  0.2049  0.4760  0.3967  0.4967  0.4967  -1.0000  0.4300  0.5300  0.0669  0.000006
