epoch:0 0.0000  0.0000  0.0000  0.0000  0.0000  0.0000  0.0000  0.0000  0.0023  0.0000  0.0031  0.0000  0.5290  0.005000
epoch:1 0.0000  0.0000  0.0000  0.0000  0.0000  0.0000  0.0000  0.0000  0.0005  0.0000  0.0006  0.0000  0.2249  0.005000
epoch:2 0.0001  0.0006  0.0000  0.0000  0.0000  0.0068  0.0000  0.0023  0.0118  0.0000  0.0081  0.0520  0.2114  0.005000
epoch:3 0.0013  0.0072  0.0000  0.0000  0.0002  0.0202  0.0113  0.0208  0.0317  0.0000  0.0163  0.1760  0.2117  0.005000
epoch:4 0.0022  0.0100  0.0001  0.0000  0.0000  0.0247  0.0122  0.0195  0.0258  0.0000  0.0056  0.1920  0.2122  0.005000
epoch:5 0.0038  0.0192  0.0000  0.0000  0.0009  0.0322  0.0095  0.0344  0.0425  0.0000  0.0100  0.3120  0.2361  0.005000
epoch:6 0.0096  0.0363  0.0022  0.0000  0.0023  0.0721  0.0299  0.0480  0.0588  0.0000  0.0225  0.3760  0.2421  0.005000
epoch:7 0.0109  0.0459  0.0014  0.0000  0.0031  0.0828  0.0290  0.0457  0.0498  0.0000  0.0106  0.3720  0.2382  0.005000
epoch:8 0.0163  0.0518  0.0026  0.0000  0.0043  0.1218  0.0394  0.0548  0.0656  0.0000  0.0256  0.4160  0.2343  0.001650
epoch:9 0.0180  0.0552  0.0039  0.0001  0.0074  0.1243  0.0380  0.0615  0.0747  0.0056  0.0287  0.4680  0.2423  0.001650
epoch:10 0.0202  0.0635  0.0048  0.0000  0.0056  0.1426  0.0421  0.0597  0.0805  0.0028  0.0406  0.4480  0.2370  0.001650
epoch:11 0.0179  0.0561  0.0037  0.0000  0.0091  0.1228  0.0367  0.0570  0.0692  0.0000  0.0250  0.4520  0.2356  0.000545
epoch:12 0.0165  0.0468  0.0034  0.0000  0.0023  0.1318  0.0403  0.0588  0.0869  0.0028  0.0488  0.4520  0.2304  0.000545
epoch:13 0.0165  0.0549  0.0030  0.0000  0.0052  0.1205  0.0344  0.0538  0.0796  0.0028  0.0419  0.4320  0.2320  0.000545
epoch:14 0.0149  0.0515  0.0049  0.0000  0.0045  0.1100  0.0362  0.0534  0.0783  0.0028  0.0412  0.4240  0.2323  0.000180
epoch:15 0.0157  0.0554  0.0048  0.0000  0.0072  0.1094  0.0416  0.0534  0.0810  0.0028  0.0469  0.4120  0.2335  0.000180
epoch:16 0.0159  0.0539  0.0065  0.0000  0.0076  0.1102  0.0425  0.0561  0.0837  0.0028  0.0450  0.4480  0.2287  0.000180
epoch:17 0.0166  0.0552  0.0029  0.0000  0.0064  0.1109  0.0389  0.0593  0.0855  0.0056  0.0475  0.4440  0.2289  0.000059
epoch:18 0.0181  0.0571  0.0040  0.0001  0.0078  0.1191  0.0389  0.0615  0.0860  0.0083  0.0488  0.4360  0.2374  0.000059
epoch:19 0.0173  0.0576  0.0037  0.0000  0.0066  0.1193  0.0407  0.0538  0.0851  0.0056  0.0512  0.4160  0.2319  0.000059
epoch:20 0.0197  0.0587  0.0032  0.0000  0.0060  0.1343  0.0407  0.0548  0.0828  0.0028  0.0475  0.4240  0.2294  0.000020
epoch:21 0.0175  0.0576  0.0028  0.0000  0.0086  0.1173  0.0416  0.0575  0.0824  0.0028  0.0431  0.4480  0.2298  0.000020
epoch:22 0.0162  0.0542  0.0038  0.0000  0.0039  0.1184  0.0362  0.0602  0.0801  0.0056  0.0419  0.4320  0.2275  0.000020
epoch:23 0.0178  0.0589  0.0040  0.0000  0.0057  0.1288  0.0416  0.0579  0.0846  0.0056  0.0444  0.4560  0.2245  0.000006
epoch:24 0.0223  0.0614  0.0063  0.0000  0.0050  0.1619  0.0466  0.0665  0.0896  0.0056  0.0450  0.4960  0.2351  0.000006
