epoch:0 0.0090  0.0414  0.0004  0.0071  0.0142  0.0287  0.0061  0.0358  0.1994  0.2126  0.1545  0.2346  1.2051  0.010100
epoch:1 0.1096  0.4060  0.0229  0.1304  0.0776  0.1160  0.0328  0.1822  0.3453  0.3652  0.3050  0.3442  1.0020  0.010100
epoch:2 0.1428  0.5300  0.0214  0.1564  0.1072  0.1787  0.0464  0.2111  0.3156  0.3092  0.3158  0.3404  0.9017  0.010100
epoch:3 0.1697  0.5431  0.0371  0.1828  0.1298  0.2193  0.0458  0.2442  0.3606  0.3565  0.3584  0.3808  0.8791  0.003333
epoch:4 0.1774  0.5804  0.0342  0.1838  0.1567  0.2133  0.0422  0.2558  0.3722  0.3657  0.3802  0.3827  0.8052  0.003333
epoch:5 0.1953  0.6179  0.0353  0.2057  0.1665  0.2266  0.0489  0.2675  0.3633  0.3589  0.3693  0.3692  0.7659  0.003333
epoch:6 0.2034  0.6282  0.0427  0.2128  0.1719  0.2494  0.0478  0.2781  0.3761  0.3614  0.3921  0.4038  0.7388  0.001100
epoch:7 0.1765  0.5983  0.0304  0.1759  0.1672  0.2219  0.0397  0.2531  0.3592  0.3483  0.3743  0.3731  0.7103  0.001100
epoch:8 0.1918  0.6187  0.0416  0.2092  0.1503  0.2402  0.0528  0.2644  0.3558  0.3391  0.3743  0.3865  0.7148  0.001100
epoch:9 0.1920  0.6139  0.0464  0.1987  0.1755  0.2282  0.0458  0.2658  0.3617  0.3546  0.3693  0.3750  0.7108  0.000363
epoch:10 0.1951  0.6350  0.0394  0.1957  0.1760  0.2514  0.0458  0.2669  0.3539  0.3411  0.3564  0.4000  0.6816  0.000363
epoch:11 0.1977  0.6251  0.0466  0.2027  0.1724  0.2478  0.0450  0.2697  0.3597  0.3478  0.3644  0.3981  0.6657  0.000363
epoch:12 0.1964  0.6261  0.0389  0.2036  0.1695  0.2403  0.0456  0.2686  0.3603  0.3536  0.3584  0.3904  0.6776  0.000120
epoch:13 0.1940  0.6226  0.0379  0.2010  0.1702  0.2363  0.0464  0.2653  0.3556  0.3454  0.3624  0.3827  0.6794  0.000120
epoch:14 0.1950  0.6210  0.0380  0.2015  0.1728  0.2355  0.0469  0.2633  0.3542  0.3415  0.3693  0.3750  0.6823  0.000120
