epoch:0 0.1062  0.3865  0.0207  0.0180  0.1138  0.1745  0.1055  0.2594  0.3623  0.2931  0.3708  0.3526  0.5307  0.010000
epoch:1 0.2715  0.7987  0.0852  0.1607  0.2937  0.2122  0.1860  0.3942  0.4094  0.2069  0.4369  0.3421  0.3016  0.010000
epoch:2 0.2966  0.8186  0.1167  0.1685  0.3075  0.4129  0.1945  0.4045  0.4227  0.2724  0.4365  0.4632  0.3050  0.010000
epoch:3 0.3287  0.8672  0.1362  0.2146  0.3423  0.3755  0.2114  0.4351  0.4471  0.2655  0.4669  0.4526  0.2572  0.003300
epoch:4 0.3411  0.8712  0.1763  0.1861  0.3568  0.3776  0.2289  0.4380  0.4442  0.2345  0.4688  0.4263  0.2447  0.003300
epoch:5 0.3266  0.8535  0.1385  0.2161  0.3344  0.4127  0.2104  0.4286  0.4305  0.2828  0.4438  0.4737  0.2287  0.003300
epoch:6 0.3466  0.8605  0.1880  0.1945  0.3596  0.4256  0.2289  0.4510  0.4523  0.2414  0.4754  0.4579  0.2088  0.001089
epoch:7 0.3512  0.8569  0.1951  0.1876  0.3650  0.4531  0.2318  0.4575  0.4594  0.2483  0.4792  0.5105  0.1966  0.001089
epoch:8 0.3431  0.8530  0.1666  0.2122  0.3565  0.4179  0.2299  0.4490  0.4516  0.2621  0.4719  0.4632  0.1997  0.001089
epoch:9 0.3481  0.8559  0.1698  0.1845  0.3623  0.4343  0.2305  0.4490  0.4500  0.2310  0.4719  0.4842  0.1845  0.000359
epoch:10 0.3500  0.8668  0.1789  0.1896  0.3626  0.4438  0.2289  0.4519  0.4536  0.2517  0.4738  0.4842  0.1788  0.000359
epoch:11 0.3456  0.8690  0.1656  0.2024  0.3593  0.4032  0.2282  0.4435  0.4461  0.2552  0.4685  0.4316  0.1813  0.000359
epoch:12 0.3471  0.8611  0.1692  0.1978  0.3612  0.4050  0.2312  0.4448  0.4461  0.2552  0.4681  0.4368  0.1786  0.000119
epoch:13 0.3485  0.8604  0.1743  0.1967  0.3593  0.4361  0.2308  0.4490  0.4503  0.2483  0.4704  0.4842  0.1751  0.000119
epoch:14 0.3460  0.8623  0.1808  0.2111  0.3556  0.4311  0.2302  0.4432  0.4445  0.2690  0.4615  0.4789  0.1767  0.000119
