epoch:0 0.0145  0.0691  0.0008  0.0212  0.0083  0.0080  0.0033  0.0472  0.2350  0.2802  0.1713  0.1788  1.2785  0.010010
epoch:1 0.0930  0.3551  0.0187  0.1151  0.0656  0.0968  0.0322  0.1556  0.3117  0.3382  0.2614  0.3038  1.0255  0.010010
epoch:2 0.1479  0.5238  0.0378  0.1814  0.1063  0.1521  0.0469  0.2214  0.3392  0.3353  0.3376  0.3577  0.9337  0.010010
epoch:3 0.1723  0.5841  0.0301  0.1898  0.1259  0.2201  0.0456  0.2392  0.3703  0.3705  0.3535  0.4019  0.8709  0.003303
epoch:4 0.2004  0.6421  0.0415  0.2177  0.1507  0.2546  0.0536  0.2589  0.3719  0.3618  0.3733  0.4096  0.8125  0.003303
epoch:5 0.2075  0.6402  0.0506  0.2351  0.1652  0.2455  0.0522  0.2694  0.3789  0.3667  0.3802  0.4250  0.7969  0.003303
epoch:6 0.1907  0.6327  0.0395  0.1983  0.1649  0.2423  0.0467  0.2581  0.3769  0.3594  0.4040  0.3942  0.7447  0.001090
epoch:7 0.1997  0.6545  0.0549  0.2127  0.1640  0.2418  0.0464  0.2744  0.3825  0.3618  0.4050  0.4212  0.7561  0.001090
epoch:8 0.2040  0.6481  0.0550  0.2079  0.1695  0.2699  0.0489  0.2653  0.3719  0.3464  0.4059  0.4077  0.7370  0.001090
epoch:9 0.2106  0.6623  0.0627  0.2217  0.1757  0.2575  0.0508  0.2736  0.3764  0.3594  0.4069  0.3846  0.7175  0.000360
epoch:10 0.2123  0.6647  0.0631  0.2213  0.1791  0.2653  0.0492  0.2797  0.3831  0.3609  0.4208  0.3981  0.7290  0.000360
epoch:11 0.2113  0.6662  0.0554  0.2203  0.1751  0.2648  0.0489  0.2744  0.3778  0.3585  0.4050  0.4019  0.7074  0.000360
epoch:12 0.2114  0.6663  0.0629  0.2179  0.1771  0.2673  0.0494  0.2750  0.3786  0.3570  0.4149  0.3942  0.7088  0.000119
epoch:13 0.2112  0.6581  0.0657  0.2164  0.1770  0.2770  0.0506  0.2772  0.3789  0.3546  0.4089  0.4173  0.7113  0.000119
epoch:14 0.2093  0.6711  0.0640  0.2156  0.1744  0.2699  0.0489  0.2761  0.3786  0.3570  0.4079  0.4077  0.7008  0.000119
