epoch:0 0.0000  0.0000  0.0000  -1.0000  0.0000  0.0000  0.0000  0.0000  0.0000  -1.0000  0.0000  0.0000  0.7066  0.005000
epoch:1 0.0000  0.0000  0.0000  -1.0000  0.0000  0.0000  0.0000  0.0000  0.0000  -1.0000  0.0000  0.0000  0.1500  0.005000
epoch:2 0.0000  0.0000  0.0000  -1.0000  0.0000  0.0000  0.0000  0.0000  0.0000  -1.0000  0.0000  0.0000  0.1403  0.005000
epoch:3 0.0033  0.0239  0.0001  -1.0000  0.0073  0.0040  0.0000  0.0250  0.1571  -1.0000  0.2818  0.0765  0.1282  0.005000
epoch:4 0.0000  0.0000  0.0000  -1.0000  0.0000  0.0000  0.0000  0.0000  0.0000  -1.0000  0.0000  0.0000  0.1497  0.005000
epoch:5 0.0000  0.0000  0.0000  -1.0000  0.0000  0.0000  0.0000  0.0000  0.0000  -1.0000  0.0000  0.0000  0.1537  0.010000
epoch:6 0.0000  0.0000  0.0000  -1.0000  0.0000  0.0000  0.0000  0.0000  0.0000  -1.0000  0.0000  0.0000  0.1665  0.010000
epoch:7 0.0987  0.3068  0.0016  -1.0000  0.1702  0.0623  0.1679  0.3000  0.3000  -1.0000  0.2545  0.3294  0.1704  0.010000
epoch:8 0.0951  0.3354  0.0067  -1.0000  0.0989  0.1443  0.1536  0.3643  0.3750  -1.0000  0.2636  0.4471  0.1765  0.003300
epoch:9 0.1534  0.4505  0.0397  -1.0000  0.1639  0.1533  0.2500  0.4036  0.4036  -1.0000  0.3273  0.4529  0.1647  0.003300
epoch:10 0.0956  0.3903  0.0174  -1.0000  0.0671  0.1260  0.2036  0.2893  0.2964  -1.0000  0.2182  0.3471  0.1473  0.003300
epoch:11 0.1677  0.4226  0.0675  -1.0000  0.1790  0.1692  0.2714  0.3643  0.3714  -1.0000  0.3455  0.3882  0.1448  0.001089
epoch:12 0.1184  0.3388  0.0596  -1.0000  0.1216  0.1516  0.2429  0.3857  0.3857  -1.0000  0.3636  0.4000  0.1437  0.001089
epoch:13 0.1237  0.4249  0.0008  -1.0000  0.1115  0.1419  0.2036  0.3464  0.3464  -1.0000  0.2818  0.3882  0.1462  0.001089
epoch:14 0.1525  0.3784  0.1066  -1.0000  0.1810  0.1350  0.2429  0.4179  0.4179  -1.0000  0.3545  0.4588  0.1382  0.000359
epoch:15 0.1288  0.4547  0.0005  -1.0000  0.1387  0.1255  0.2321  0.3393  0.3500  -1.0000  0.2818  0.3941  0.1424  0.000359
epoch:16 0.1555  0.4646  0.0226  -1.0000  0.1146  0.2008  0.2536  0.3429  0.3429  -1.0000  0.2909  0.3765  0.1350  0.000359
epoch:17 0.1452  0.4224  0.0406  -1.0000  0.1525  0.1657  0.2571  0.4179  0.4179  -1.0000  0.4364  0.4059  0.1386  0.000119
epoch:18 0.1409  0.3792  0.0371  -1.0000  0.1307  0.1651  0.2536  0.3643  0.3643  -1.0000  0.2818  0.4176  0.1398  0.000119
epoch:19 0.1302  0.4215  0.0033  -1.0000  0.1156  0.1607  0.2393  0.3571  0.3643  -1.0000  0.2818  0.4176  0.1395  0.000119
epoch:20 0.1729  0.5017  0.0944  -1.0000  0.1693  0.1852  0.2821  0.3929  0.3929  -1.0000  0.3000  0.4529  0.1424  0.000039
epoch:21 0.1450  0.4529  0.0164  -1.0000  0.1352  0.1622  0.2214  0.3893  0.3964  -1.0000  0.3364  0.4353  0.1381  0.000039
epoch:22 0.1801  0.4477  0.1092  -1.0000  0.1626  0.2358  0.2464  0.4071  0.4071  -1.0000  0.3364  0.4529  0.1359  0.000039
epoch:23 0.1404  0.5032  0.0534  -1.0000  0.1370  0.1721  0.2321  0.3464  0.3464  -1.0000  0.3091  0.3706  0.1371  0.000013
epoch:24 0.1403  0.4249  0.0877  -1.0000  0.1284  0.1710  0.2321  0.3607  0.3607  -1.0000  0.3182  0.3882  0.1375  0.000013
epoch:25 0.1359  0.4495  0.0108  -1.0000  0.1275  0.1636  0.3036  0.3679  0.3679  -1.0000  0.2909  0.4176  0.1359  0.000013
epoch:26 0.1733  0.4897  0.0098  -1.0000  0.1795  0.1871  0.2464  0.4036  0.4036  -1.0000  0.3818  0.4176  0.1385  0.000004
epoch:27 0.1560  0.4223  0.0822  -1.0000  0.1268  0.1850  0.3286  0.4536  0.4536  -1.0000  0.4273  0.4706  0.1379  0.000004
epoch:28 0.1898  0.5048  0.0310  -1.0000  0.2071  0.1932  0.2536  0.4286  0.4286  -1.0000  0.3909  0.4529  0.1387  0.000004
epoch:29 0.1252  0.4234  0.0026  -1.0000  0.1117  0.1449  0.2143  0.3429  0.3429  -1.0000  0.3091  0.3647  0.1403  0.000001
epoch:30 0.1329  0.3861  0.0651  -1.0000  0.1048  0.1840  0.2464  0.3714  0.3714  -1.0000  0.2727  0.4353  0.1344  0.000001
epoch:31 0.1370  0.4077  0.0186  -1.0000  0.1106  0.1818  0.2000  0.3500  0.3500  -1.0000  0.2727  0.4000  0.1347  0.000001
epoch:32 0.1327  0.3616  0.0301  -1.0000  0.1030  0.1944  0.2179  0.3857  0.3857  -1.0000  0.2727  0.4588  0.1378  0.000000
epoch:33 0.1520  0.4542  0.0576  -1.0000  0.1328  0.1840  0.2750  0.4000  0.4000  -1.0000  0.3364  0.4412  0.1382  0.000000
epoch:34 0.1737  0.5195  0.0597  -1.0000  0.1633  0.1864  0.2857  0.3786  0.3786  -1.0000  0.3364  0.4059  0.1430  0.000000
