epoch:0 0.0000  0.0000  0.0000  0.0000  0.0000  0.0000  0.0000  0.0000  0.0000  0.0000  0.0000  0.0000  0.6110  0.005000
epoch:1 0.0000  0.0000  0.0000  0.0000  0.0000  0.0000  0.0000  0.0000  0.0007  0.0000  0.0009  0.0000  0.1748  0.005000
epoch:2 0.0000  0.0001  0.0000  0.0000  0.0000  0.0055  0.0000  0.0036  0.0109  0.0000  0.0092  0.0227  0.1285  0.005000
epoch:3 0.0057  0.0293  0.0000  0.0000  0.0060  0.0103  0.0188  0.0493  0.0551  0.0000  0.0615  0.0409  0.1128  0.005000
epoch:4 0.0119  0.0640  0.0013  0.0011  0.0133  0.0261  0.0406  0.1116  0.1341  0.0286  0.1459  0.1091  0.0986  0.005000
epoch:5 0.0119  0.0640  0.0013  0.0011  0.0133  0.0261  0.0406  0.1116  0.1341  0.0286  0.1459  0.1091  0.0987  0.005000
epoch:6 0.0213  0.0882  0.0029  0.0007  0.0237  0.0794  0.0254  0.1659  0.2203  0.0143  0.2339  0.2182  0.1049  0.005000
epoch:7 0.0314  0.1217  0.0063  0.0018  0.0360  0.1034  0.0812  0.1949  0.2558  0.0571  0.2661  0.2682  0.1029  0.005000
epoch:8 0.0587  0.2000  0.0152  0.0064  0.0586  0.1698  0.1341  0.2333  0.2870  0.0571  0.2872  0.3591  0.0942  0.005000
epoch:9 0.1097  0.3302  0.0498  0.0114  0.1126  0.1832  0.1551  0.2775  0.3232  0.0429  0.3294  0.3818  0.0911  0.005000
epoch:10 0.1225  0.3917  0.0490  0.0891  0.1169  0.2319  0.1841  0.3167  0.3514  0.0857  0.3514  0.4364  0.0830  0.005000
epoch:11 0.1352  0.3913  0.0223  0.0181  0.1393  0.1961  0.1920  0.3145  0.3399  0.0714  0.3514  0.3682  0.0823  0.005000
epoch:12 0.1477  0.4453  0.0393  0.0198  0.1454  0.2383  0.2036  0.3167  0.3370  0.0571  0.3468  0.3773  0.0847  0.005000
epoch:13 0.1771  0.5101  0.0335  0.0164  0.1740  0.2712  0.2036  0.3058  0.3377  0.0571  0.3385  0.4227  0.0793  0.005000
epoch:14 0.1859  0.5145  0.0952  0.0025  0.1769  0.3307  0.2036  0.3413  0.3616  0.0286  0.3651  0.4500  0.0746  0.000500
epoch:15 0.1942  0.5199  0.1044  0.0269  0.1777  0.3382  0.2159  0.3601  0.3754  0.0857  0.3661  0.5136  0.0712  0.000500
epoch:16 0.2086  0.5444  0.1062  0.0362  0.1960  0.3338  0.2391  0.3623  0.3884  0.1286  0.3835  0.4955  0.0726  0.000500
epoch:17 0.1960  0.5325  0.1099  0.0227  0.1908  0.3171  0.2159  0.3558  0.3754  0.0857  0.3734  0.4773  0.0708  0.000500
epoch:18 0.2156  0.5793  0.0949  0.0321  0.1954  0.3930  0.2464  0.3551  0.3768  0.1000  0.3697  0.5000  0.0696  0.000500
epoch:19 0.2280  0.6086  0.1251  0.0646  0.2047  0.4116  0.2580  0.3790  0.3971  0.1143  0.3899  0.5227  0.0721  0.000500
epoch:20 0.2322  0.6297  0.1336  0.0587  0.2115  0.4269  0.2587  0.3790  0.3884  0.1143  0.3697  0.5682  0.0710  0.000500
epoch:21 0.2195  0.6251  0.1042  0.0473  0.2113  0.3581  0.2312  0.3688  0.3819  0.0571  0.3798  0.4955  0.0747  0.000500
epoch:22 0.2327  0.6004  0.1283  0.0209  0.2178  0.3844  0.2377  0.3746  0.3957  0.0857  0.3963  0.4909  0.0716  0.000500
epoch:23 0.2369  0.6325  0.1195  0.0495  0.2160  0.4205  0.2522  0.3696  0.3913  0.1000  0.3844  0.5182  0.0667  0.000500
epoch:24 0.2437  0.6678  0.1295  0.0384  0.2289  0.4021  0.2529  0.3826  0.3949  0.1000  0.3945  0.4909  0.0727  0.000500
