epoch:0 0.0093  0.0418  0.0005  0.0145  0.0085  0.0016  0.0030  0.0350  0.1791  0.2348  0.1069  0.0953  1.3593  0.010050
epoch:1 0.1006  0.3797  0.0077  0.1170  0.0752  0.1271  0.0283  0.1608  0.3064  0.3249  0.2615  0.3419  1.0262  0.010050
epoch:2 0.1106  0.4150  0.0078  0.1184  0.0996  0.1480  0.0291  0.1626  0.3310  0.3438  0.3062  0.3372  0.9938  0.010050
epoch:3 0.1582  0.5532  0.0226  0.1699  0.1436  0.2097  0.0404  0.2086  0.3419  0.3326  0.3385  0.4023  0.8621  0.003317
epoch:4 0.1900  0.5893  0.0467  0.2062  0.1669  0.2384  0.0446  0.2392  0.3648  0.3506  0.3708  0.4233  0.8414  0.003317
epoch:5 0.1861  0.6049  0.0411  0.1892  0.1794  0.2244  0.0429  0.2387  0.3574  0.3361  0.3962  0.3558  0.8057  0.003317
epoch:6 0.1959  0.6098  0.0468  0.2072  0.1743  0.2412  0.0456  0.2495  0.3576  0.3365  0.3823  0.3977  0.7885  0.001094
epoch:7 0.1865  0.5865  0.0356  0.1974  0.1695  0.2198  0.0431  0.2404  0.3510  0.3352  0.3638  0.3977  0.7523  0.001094
epoch:8 0.1949  0.5961  0.0431  0.2040  0.1811  0.2289  0.0453  0.2490  0.3534  0.3386  0.3792  0.3558  0.7521  0.001094
epoch:9 0.1936  0.6084  0.0393  0.2028  0.1736  0.2342  0.0448  0.2446  0.3525  0.3378  0.3731  0.3698  0.7780  0.000361
epoch:10 0.1930  0.6155  0.0392  0.2026  0.1765  0.2207  0.0448  0.2451  0.3537  0.3429  0.3708  0.3605  0.7511  0.000361
epoch:11 0.2017  0.6237  0.0489  0.2102  0.1886  0.2346  0.0451  0.2520  0.3618  0.3485  0.3808  0.3767  0.7455  0.000361
epoch:12 0.1997  0.6257  0.0510  0.2092  0.1844  0.2292  0.0468  0.2478  0.3534  0.3412  0.3700  0.3698  0.7649  0.000119
epoch:13 0.1978  0.6203  0.0442  0.2045  0.1852  0.2278  0.0448  0.2505  0.3581  0.3433  0.3792  0.3744  0.7786  0.000119
epoch:14 0.1981  0.6175  0.0385  0.2087  0.1801  0.2237  0.0446  0.2510  0.3589  0.3502  0.3723  0.3651  0.7482  0.000119
