epoch:0 0.0000  0.0003  0.0000  0.0000  0.0000  0.0000  0.0001  0.0012  0.0012  0.0000  0.0013  0.0000  0.5321  0.005000
epoch:1 0.0018  0.0079  0.0001  0.0000  0.0020  0.0000  0.0040  0.0116  0.0399  0.0026  0.0428  0.0000  0.3014  0.005000
epoch:2 0.0059  0.0272  0.0006  0.0065  0.0056  0.0753  0.0105  0.0365  0.0760  0.0132  0.0774  0.1318  0.3068  0.005000
epoch:3 0.0106  0.0544  0.0008  0.0028  0.0106  0.0894  0.0114  0.0465  0.0945  0.0158  0.0974  0.1227  0.3135  0.005000
epoch:4 0.0176  0.0764  0.0014  0.0000  0.0181  0.0696  0.0186  0.0614  0.1228  0.0000  0.1290  0.1091  0.3146  0.005000
epoch:5 0.0961  0.3670  0.0067  0.0059  0.1009  0.1768  0.0328  0.1727  0.2436  0.0053  0.2561  0.2136  0.3379  0.005000
epoch:6 0.2183  0.6839  0.0602  0.0099  0.2268  0.3626  0.0550  0.2711  0.3810  0.1237  0.3924  0.4045  0.3487  0.005000
epoch:7 0.2628  0.7861  0.0748  0.0072  0.2753  0.3652  0.0595  0.3121  0.3897  0.0711  0.4048  0.3955  0.3402  0.005000
epoch:8 0.3291  0.8346  0.1480  0.0153  0.3387  0.4985  0.0728  0.3642  0.4322  0.0974  0.4456  0.5182  0.3369  0.001000
epoch:9 0.3493  0.8668  0.1380  0.0425  0.3605  0.4564  0.0726  0.3801  0.4480  0.1395  0.4615  0.4864  0.3182  0.001000
epoch:10 0.3717  0.8801  0.1774  0.0363  0.3844  0.4617  0.0769  0.3999  0.4643  0.1158  0.4795  0.5091  0.3172  0.001000
epoch:11 0.3834  0.8775  0.2222  0.0334  0.3951  0.5341  0.0794  0.4111  0.4762  0.1237  0.4903  0.5636  0.3017  0.000200
epoch:12 0.3830  0.8777  0.2109  0.0655  0.3954  0.4801  0.0776  0.4117  0.4751  0.1342  0.4901  0.5136  0.3015  0.000200
epoch:13 0.3934  0.8833  0.2256  0.0447  0.4059  0.5035  0.0808  0.4150  0.4856  0.1395  0.4999  0.5591  0.3018  0.000200
epoch:14 0.3872  0.8755  0.2284  0.0520  0.4010  0.4570  0.0782  0.4123  0.4806  0.1211  0.4970  0.5000  0.2973  0.000040
epoch:15 0.3882  0.8820  0.2235  0.0564  0.3989  0.5151  0.0816  0.4116  0.4747  0.1421  0.4883  0.5500  0.2989  0.000040
epoch:16 0.3857  0.8754  0.2308  0.0323  0.3995  0.4611  0.0784  0.4141  0.4807  0.1263  0.4959  0.5364  0.2977  0.000040
epoch:17 0.3831  0.8742  0.2140  0.0450  0.3945  0.5187  0.0784  0.4119  0.4754  0.1053  0.4903  0.5682  0.2961  0.000008
epoch:18 0.3869  0.8796  0.2265  0.0587  0.3988  0.4862  0.0798  0.4144  0.4778  0.1316  0.4930  0.5182  0.2941  0.000008
epoch:19 0.3872  0.8788  0.2309  0.0404  0.4016  0.4591  0.0796  0.4143  0.4805  0.1184  0.4964  0.5227  0.2962  0.000008
epoch:20 0.3902  0.8846  0.2377  0.0490  0.4012  0.4815  0.0790  0.4182  0.4836  0.1605  0.4979  0.5182  0.2945  0.000002
epoch:21 0.3861  0.8814  0.2252  0.0522  0.3985  0.4882  0.0808  0.4119  0.4750  0.1368  0.4894  0.5273  0.2978  0.000002
epoch:22 0.3913  0.8767  0.2280  0.0350  0.4050  0.4935  0.0806  0.4165  0.4792  0.0974  0.4952  0.5500  0.2965  0.000002
epoch:23 0.3805  0.8860  0.2016  0.0557  0.3914  0.5037  0.0783  0.4065  0.4725  0.1289  0.4866  0.5455  0.2987  0.000000
epoch:24 0.3882  0.8727  0.2342  0.0605  0.3988  0.5319  0.0780  0.4143  0.4819  0.1447  0.4956  0.5636  0.2989  0.000000
