epoch:0 0.0000  0.0000  0.0000  0.0000  0.0000  0.0000  0.0000  0.0000  0.0000  0.0000  0.0000  0.0000  0.4557  0.009000
epoch:1 0.0102  0.0458  0.0000  0.0000  0.0132  0.0366  0.0213  0.0853  0.1013  0.0000  0.1089  0.1000  0.1324  0.009000
epoch:2 0.0263  0.1040  0.0000  0.0000  0.0299  0.0416  0.0400  0.0973  0.1240  0.0000  0.1232  0.1600  0.1056  0.009000
epoch:3 0.0338  0.1447  0.0023  0.0134  0.0383  0.0390  0.0653  0.1547  0.2000  0.0750  0.1857  0.2867  0.0924  0.009000
epoch:4 0.0659  0.1968  0.0139  0.0000  0.0678  0.1223  0.1067  0.2227  0.2293  0.0000  0.2232  0.3133  0.0907  0.009000
epoch:5 0.0854  0.2894  0.0109  0.0013  0.0861  0.1250  0.1533  0.2880  0.3040  0.0500  0.3214  0.3067  0.0931  0.009000
epoch:6 0.1055  0.4355  0.0019  0.0257  0.1167  0.1324  0.1573  0.2867  0.3053  0.0250  0.3036  0.3867  0.0920  0.009000
epoch:7 0.1917  0.5775  0.0377  0.0843  0.2116  0.2044  0.2253  0.3360  0.3560  0.1000  0.3554  0.4267  0.0814  0.009000
epoch:8 0.2335  0.6994  0.0439  0.2030  0.2262  0.3100  0.2707  0.3747  0.3933  0.2000  0.3839  0.4800  0.0813  0.002700
epoch:9 0.2442  0.6657  0.1061  0.1525  0.2225  0.3788  0.2787  0.3893  0.4040  0.1500  0.3911  0.5200  0.0770  0.002700
epoch:10 0.2678  0.6580  0.1080  0.1469  0.2362  0.4540  0.2947  0.3840  0.4053  0.2250  0.3750  0.5667  0.0720  0.002700
