epoch:0 0.0000  0.0000  0.0000  0.0000  0.0000  0.0000  0.0000  0.0000  0.0000  0.0000  0.0000  0.0000  0.6190  0.005000
epoch:1 0.0000  0.0000  0.0000  0.0000  0.0000  0.0000  0.0000  0.0000  0.0000  0.0000  0.0000  0.0000  0.1677  0.005000
epoch:2 0.0002  0.0010  0.0000  0.0000  0.0001  0.0337  0.0058  0.0109  0.0188  0.0000  0.0174  0.0318  0.1275  0.005000
epoch:3 0.0178  0.0786  0.0020  0.0009  0.0149  0.1013  0.0536  0.1101  0.1123  0.0429  0.0835  0.2773  0.1103  0.005000
epoch:4 0.0135  0.0581  0.0009  0.0004  0.0126  0.0798  0.0333  0.1094  0.1239  0.0143  0.1275  0.1409  0.0966  0.005000
epoch:5 0.0137  0.0620  0.0004  0.0025  0.0140  0.0792  0.0246  0.1457  0.2297  0.0286  0.2064  0.4091  0.0964  0.005000
epoch:6 0.0234  0.0999  0.0025  0.0020  0.0242  0.1371  0.1188  0.2072  0.2746  0.0429  0.2752  0.3455  0.1038  0.005000
epoch:7 0.0628  0.1958  0.0217  0.0078  0.0661  0.1859  0.1630  0.2572  0.2986  0.0714  0.2890  0.4182  0.0985  0.005000
epoch:8 0.0634  0.2132  0.0195  0.0154  0.0633  0.2362  0.1435  0.2355  0.2870  0.0857  0.2798  0.3864  0.0981  0.001500
epoch:9 0.0719  0.2254  0.0145  0.0144  0.0713  0.2546  0.1399  0.2587  0.3123  0.0571  0.3110  0.4000  0.0891  0.001500
epoch:10 0.1052  0.2894  0.0500  0.0274  0.1053  0.2424  0.1797  0.2688  0.3138  0.0857  0.3083  0.4136  0.0848  0.001500
epoch:11 0.1001  0.3086  0.0287  0.0519  0.1002  0.2428  0.1580  0.2703  0.3101  0.0857  0.2982  0.4409  0.0849  0.000450
epoch:12 0.0970  0.3043  0.0338  0.0266  0.0966  0.2455  0.1594  0.2804  0.3261  0.0857  0.3239  0.4136  0.0865  0.000450
epoch:13 0.0914  0.3171  0.0216  0.0443  0.0882  0.2303  0.1536  0.2739  0.3101  0.1000  0.2982  0.4364  0.0840  0.000450
epoch:14 0.1049  0.3390  0.0200  0.0365  0.0991  0.2696  0.1580  0.2768  0.3087  0.0857  0.3037  0.4045  0.0798  0.000135
epoch:15 0.1112  0.3256  0.0315  0.0328  0.1099  0.2410  0.1558  0.2746  0.3130  0.0714  0.3110  0.4000  0.0855  0.000135
epoch:16 0.0968  0.3315  0.0177  0.0424  0.0928  0.2182  0.1572  0.2754  0.3138  0.1000  0.3018  0.4409  0.0845  0.000135
epoch:17 0.1205  0.3513  0.0319  0.0458  0.1186  0.2690  0.1551  0.2862  0.3290  0.0714  0.3266  0.4227  0.0866  0.000041
epoch:18 0.1145  0.3453  0.0318  0.0333  0.1104  0.2654  0.1594  0.2688  0.3094  0.1000  0.3073  0.3864  0.0803  0.000041
epoch:19 0.1103  0.3485  0.0419  0.0324  0.1035  0.2584  0.1681  0.2855  0.3225  0.1000  0.3101  0.4545  0.0785  0.000041
epoch:20 0.0984  0.3589  0.0224  0.0479  0.0924  0.2656  0.1572  0.2565  0.3014  0.1143  0.2972  0.3818  0.0837  0.000012
epoch:21 0.1148  0.3615  0.0343  0.0374  0.1090  0.2616  0.1601  0.2754  0.3174  0.1000  0.3147  0.4000  0.0820  0.000012
epoch:22 0.1089  0.3482  0.0389  0.0224  0.1040  0.2570  0.1493  0.2739  0.3109  0.0714  0.3046  0.4182  0.0852  0.000012
epoch:23 0.1051  0.3428  0.0246  0.0296  0.1011  0.2208  0.1652  0.2775  0.3116  0.0857  0.3055  0.4136  0.0836  0.000004
epoch:24 0.1153  0.3456  0.0275  0.0381  0.1089  0.2854  0.1645  0.2971  0.3326  0.1000  0.3248  0.4455  0.0809  0.000004
