epoch:0 0.0106  0.0511  0.0002  0.0092  0.0121  0.0198  0.0075  0.0464  0.1893  0.2078  0.1587  0.2038  1.1975  0.011000
epoch:1 0.0675  0.2879  0.0033  0.0944  0.0476  0.0829  0.0336  0.1380  0.2922  0.3192  0.2571  0.2904  0.8653  0.011000
epoch:2 0.0664  0.2940  0.0025  0.0714  0.0684  0.0792  0.0278  0.1470  0.2609  0.2581  0.2468  0.3038  0.7590  0.011000
epoch:3 0.1285  0.4910  0.0142  0.1574  0.1262  0.1243  0.0519  0.2241  0.3461  0.3341  0.3627  0.3442  0.7504  0.003630
epoch:4 0.1551  0.5150  0.0371  0.1658  0.1621  0.1731  0.0536  0.2696  0.3499  0.3377  0.3643  0.3538  0.6958  0.003630
epoch:5 0.1788  0.5660  0.0544  0.1644  0.1824  0.2410  0.0545  0.2826  0.3554  0.3246  0.3817  0.3904  0.6618  0.003630
epoch:6 0.1751  0.5725  0.0465  0.1669  0.1782  0.2261  0.0513  0.2820  0.3478  0.3240  0.3714  0.3673  0.6400  0.001198
epoch:7 0.1932  0.5884  0.0636  0.1912  0.2039  0.2207  0.0609  0.2942  0.3588  0.3431  0.3794  0.3596  0.6344  0.001198
epoch:8 0.1865  0.5875  0.0535  0.1742  0.1936  0.2439  0.0562  0.2872  0.3614  0.3329  0.3881  0.3885  0.6289  0.001198
epoch:9 0.1910  0.5922  0.0597  0.1848  0.1997  0.2302  0.0603  0.2954  0.3678  0.3407  0.3952  0.3885  0.6097  0.000395
epoch:10 0.1880  0.5737  0.0666  0.1744  0.1962  0.2389  0.0609  0.2916  0.3586  0.3395  0.3738  0.3827  0.5947  0.000395
epoch:11 0.1956  0.5918  0.0723  0.1780  0.2113  0.2428  0.0617  0.2957  0.3562  0.3299  0.3786  0.3865  0.5907  0.000395
epoch:12 0.1963  0.5835  0.0759  0.1792  0.2130  0.2410  0.0661  0.2988  0.3597  0.3353  0.3802  0.3885  0.6032  0.000130
epoch:13 0.1921  0.5751  0.0712  0.1817  0.2006  0.2400  0.0635  0.2962  0.3600  0.3473  0.3675  0.3827  0.5968  0.000130
epoch:14 0.1909  0.5867  0.0640  0.1770  0.2074  0.2293  0.0632  0.2945  0.3643  0.3389  0.3905  0.3827  0.5813  0.000130
epoch:15 0.1932  0.5746  0.0687  0.1818  0.2078  0.2342  0.0632  0.3009  0.3655  0.3455  0.3841  0.3846  0.6029  0.000043
epoch:16 0.1914  0.5800  0.0646  0.1817  0.2070  0.2251  0.0629  0.2957  0.3643  0.3455  0.3802  0.3865  0.5829  0.000043
epoch:17 0.1914  0.5706  0.0626  0.1831  0.2049  0.2312  0.0609  0.2965  0.3664  0.3449  0.3865  0.3865  0.6011  0.000043
epoch:18 0.1930  0.5762  0.0685  0.1842  0.2064  0.2324  0.0609  0.2997  0.3658  0.3485  0.3794  0.3885  0.5745  0.000014
epoch:19 0.1942  0.5778  0.0696  0.1881  0.2104  0.2223  0.0600  0.2977  0.3707  0.3545  0.3881  0.3808  0.5851  0.000014
