epoch:0 0.0000  0.0000  0.0000  0.0000  0.0000  0.0000  0.0000  0.0000  0.0000  0.0000  0.0000  0.0000  0.6035  0.005000
epoch:1 0.0000  0.0000  0.0000  0.0000  0.0000  0.0000  0.0000  0.0000  0.0000  0.0000  0.0000  0.0000  0.1729  0.005000
epoch:2 0.0000  0.0001  0.0000  0.0000  0.0000  0.0081  0.0000  0.0000  0.0174  0.0000  0.0138  0.0409  0.1220  0.005000
epoch:3 0.0138  0.0439  0.0104  0.0008  0.0136  0.0290  0.0399  0.0971  0.1065  0.0143  0.0954  0.1909  0.1098  0.005000
epoch:4 0.0238  0.0915  0.0010  0.0000  0.0267  0.0246  0.0355  0.1428  0.1659  0.0000  0.1780  0.1591  0.1010  0.005000
epoch:5 0.0250  0.0885  0.0005  0.0050  0.0281  0.0599  0.0413  0.1464  0.2000  0.0143  0.2138  0.1909  0.0970  0.005000
epoch:6 0.0373  0.1406  0.0047  0.0012  0.0410  0.1654  0.1000  0.2022  0.2587  0.0143  0.2651  0.3045  0.1001  0.005000
epoch:7 0.0572  0.1982  0.0084  0.0005  0.0640  0.1096  0.1449  0.2362  0.2906  0.0143  0.3147  0.2591  0.1055  0.005000
epoch:8 0.0697  0.2459  0.0148  0.0006  0.0762  0.1669  0.1399  0.2464  0.2884  0.0143  0.3119  0.2591  0.0881  0.001500
epoch:9 0.0943  0.2792  0.0308  0.0008  0.0973  0.2140  0.1746  0.2659  0.3043  0.0143  0.3220  0.3091  0.0893  0.001500
epoch:10 0.1056  0.3335  0.0489  0.0012  0.1058  0.2401  0.1768  0.2725  0.3087  0.0286  0.3239  0.3227  0.0834  0.001500
epoch:11 0.1128  0.3451  0.0346  0.0010  0.1136  0.2203  0.1638  0.2688  0.3014  0.0286  0.3138  0.3273  0.0819  0.000450
epoch:12 0.1145  0.3542  0.0176  0.0017  0.1136  0.2462  0.1645  0.2703  0.3116  0.0286  0.3220  0.3500  0.0805  0.000450
epoch:13 0.1108  0.3455  0.0193  0.0019  0.1111  0.2178  0.1688  0.2645  0.3014  0.0286  0.3092  0.3500  0.0832  0.000450
epoch:14 0.1020  0.3661  0.0131  0.0023  0.1013  0.2114  0.1609  0.2543  0.2891  0.0286  0.2936  0.3500  0.0809  0.000135
epoch:15 0.1071  0.3528  0.0157  0.0020  0.1081  0.1879  0.1710  0.2623  0.2949  0.0286  0.3009  0.3500  0.0782  0.000135
epoch:16 0.1152  0.3701  0.0208  0.0021  0.1120  0.2466  0.1790  0.2623  0.3022  0.0286  0.3055  0.3727  0.0778  0.000135
epoch:17 0.1117  0.3420  0.0356  0.0019  0.1105  0.2187  0.1725  0.2710  0.3138  0.0286  0.3248  0.3500  0.0805  0.000041
epoch:18 0.1170  0.3530  0.0261  0.0019  0.1143  0.2308  0.1855  0.2739  0.3138  0.0286  0.3257  0.3455  0.0820  0.000041
epoch:19 0.1247  0.3752  0.0372  0.0030  0.1194  0.2700  0.1928  0.2674  0.3087  0.0429  0.3138  0.3682  0.0780  0.000041
epoch:20 0.1188  0.3657  0.0444  0.0021  0.1151  0.2328  0.1696  0.2652  0.3051  0.0286  0.3165  0.3364  0.0806  0.000012
epoch:21 0.1199  0.3524  0.0297  0.0016  0.1151  0.2592  0.1848  0.2696  0.3101  0.0286  0.3183  0.3591  0.0770  0.000012
epoch:22 0.1140  0.3648  0.0277  0.0027  0.1120  0.2196  0.1710  0.2761  0.3094  0.0286  0.3174  0.3591  0.0824  0.000012
epoch:23 0.1132  0.3766  0.0145  0.0019  0.1147  0.2170  0.1804  0.2681  0.3036  0.0286  0.3119  0.3500  0.0835  0.000004
epoch:24 0.1190  0.3636  0.0347  0.0009  0.1172  0.2364  0.1775  0.2768  0.3051  0.0143  0.3128  0.3591  0.0808  0.000004
epoch:25 0.1137  0.3454  0.0400  0.0023  0.1066  0.2632  0.1754  0.2732  0.3167  0.0286  0.3294  0.3455  0.0807  0.000004
epoch:26 0.1100  0.3410  0.0167  0.0025  0.1066  0.2245  0.1812  0.2732  0.3094  0.0286  0.3165  0.3636  0.0795  0.000001
epoch:27 0.1204  0.3739  0.0315  0.0025  0.1205  0.2233  0.1906  0.2739  0.3145  0.0286  0.3211  0.3727  0.0802  0.000001
epoch:28 0.1163  0.3521  0.0348  0.0025  0.1089  0.2733  0.1841  0.2804  0.3123  0.0286  0.3174  0.3773  0.0790  0.000001
epoch:29 0.1242  0.3697  0.0238  0.0015  0.1206  0.2467  0.1957  0.2768  0.3138  0.0286  0.3229  0.3591  0.0793  0.000000
epoch:30 0.1177  0.3533  0.0222  0.0017  0.1137  0.2657  0.1957  0.2674  0.3007  0.0286  0.3110  0.3364  0.0781  0.000000
epoch:31 0.1197  0.3757  0.0227  0.0032  0.1198  0.2262  0.1841  0.2732  0.3116  0.0429  0.3183  0.3636  0.0793  0.000000
epoch:32 0.1180  0.3721  0.0217  0.0020  0.1164  0.2388  0.1942  0.2775  0.3109  0.0286  0.3202  0.3545  0.0835  0.000000
epoch:33 0.1135  0.3653  0.0186  0.0019  0.1111  0.2442  0.1841  0.2580  0.2964  0.0286  0.3000  0.3636  0.0800  0.000000
epoch:34 0.1207  0.3844  0.0363  0.0025  0.1170  0.2455  0.1812  0.2754  0.3087  0.0286  0.3119  0.3818  0.0810  0.000000
epoch:35 0.1203  0.3518  0.0305  0.0028  0.1150  0.2547  0.1978  0.2761  0.3138  0.0429  0.3220  0.3591  0.0811  0.000000
epoch:36 0.1164  0.3576  0.0386  0.0105  0.1116  0.2490  0.1812  0.2725  0.3094  0.0429  0.3138  0.3727  0.0816  0.000000
epoch:37 0.1230  0.3524  0.0463  0.0021  0.1178  0.2490  0.1848  0.2833  0.3210  0.0286  0.3312  0.3636  0.0793  0.000000
epoch:38 0.1202  0.3702  0.0176  0.0017  0.1222  0.2203  0.1855  0.2725  0.3080  0.0286  0.3229  0.3227  0.0792  0.000000
epoch:39 0.1136  0.3710  0.0181  0.0015  0.1134  0.2250  0.1790  0.2696  0.3080  0.0286  0.3128  0.3727  0.0820  0.000000
epoch:40 0.1144  0.3533  0.0312  0.0019  0.1104  0.2231  0.1783  0.2717  0.3022  0.0286  0.3073  0.3636  0.0787  0.000000
epoch:41 0.1182  0.3818  0.0259  0.0023  0.1139  0.2427  0.1826  0.2659  0.2993  0.0286  0.3064  0.3500  0.0767  0.000000
epoch:42 0.1232  0.3812  0.0331  0.0020  0.1184  0.2495  0.1797  0.2819  0.3217  0.0286  0.3321  0.3636  0.0789  0.000000
epoch:43 0.1338  0.3898  0.0308  0.0025  0.1306  0.2456  0.1725  0.2732  0.3072  0.0286  0.3165  0.3500  0.0826  0.000000
epoch:44 0.1217  0.3473  0.0326  0.0019  0.1194  0.2299  0.1877  0.2703  0.3051  0.0286  0.3119  0.3591  0.0822  0.000000
