epoch:0 0.0000  0.0000  0.0000  0.0000  0.0000  0.0000  0.0000  0.0000  0.0000  0.0000  0.0000  0.0000  0.5858  0.005000
epoch:1 0.0000  0.0000  0.0000  0.0000  0.0000  0.0000  0.0000  0.0000  0.0000  0.0000  0.0000  0.0000  0.1832  0.005000
epoch:2 0.0002  0.0009  0.0000  0.0000  0.0001  0.0306  0.0000  0.0109  0.0572  0.0000  0.0495  0.1136  0.1330  0.005000
epoch:3 0.0167  0.0852  0.0011  0.0011  0.0176  0.0401  0.0471  0.1116  0.1196  0.0143  0.1239  0.1318  0.1139  0.005000
epoch:4 0.0403  0.1459  0.0123  0.0074  0.0432  0.0620  0.0645  0.1348  0.1594  0.0143  0.1734  0.1364  0.0974  0.005000
epoch:5 0.0144  0.0627  0.0005  0.0030  0.0136  0.1112  0.0594  0.1667  0.2246  0.0286  0.2321  0.2500  0.0975  0.005000
epoch:6 0.0305  0.1228  0.0046  0.0111  0.0304  0.2254  0.1065  0.2123  0.2703  0.0429  0.2761  0.3136  0.1045  0.005000
epoch:7 0.0602  0.1920  0.0149  0.0000  0.0636  0.1766  0.1312  0.2341  0.2826  0.0000  0.2927  0.3227  0.1001  0.005000
epoch:8 0.0583  0.1859  0.0241  0.0149  0.0585  0.2345  0.1572  0.2543  0.2986  0.0143  0.3064  0.3500  0.0970  0.001500
epoch:9 0.0685  0.2241  0.0197  0.0436  0.0668  0.2498  0.1601  0.2623  0.2993  0.0429  0.3046  0.3545  0.0911  0.001500
epoch:10 0.0752  0.2319  0.0214  0.0228  0.0696  0.2164  0.1797  0.2659  0.2978  0.0571  0.2991  0.3682  0.0868  0.001500
epoch:11 0.0997  0.2756  0.0291  0.0241  0.1003  0.2068  0.1833  0.2819  0.3152  0.0286  0.3165  0.4000  0.0874  0.000450
epoch:12 0.1062  0.3039  0.0269  0.0241  0.0995  0.2476  0.1804  0.2884  0.3138  0.0286  0.3138  0.4045  0.0841  0.000450
epoch:13 0.1026  0.3044  0.0453  0.0074  0.0958  0.2492  0.1688  0.2754  0.3029  0.0143  0.3055  0.3818  0.0833  0.000450
epoch:14 0.0939  0.2870  0.0246  0.0000  0.0897  0.2247  0.1659  0.2804  0.3109  0.0000  0.3239  0.3455  0.0870  0.000135
epoch:15 0.0973  0.2939  0.0410  0.0241  0.0904  0.2317  0.1667  0.2804  0.3116  0.0286  0.3174  0.3727  0.0841  0.000135
epoch:16 0.0971  0.3037  0.0186  0.0241  0.0902  0.2404  0.1688  0.2826  0.3116  0.0286  0.3119  0.4000  0.0824  0.000135
epoch:17 0.1075  0.3047  0.0499  0.0287  0.1010  0.2474  0.1819  0.2913  0.3174  0.0286  0.3239  0.3773  0.0814  0.000041
epoch:18 0.1041  0.3142  0.0237  0.0241  0.0970  0.2474  0.1768  0.2768  0.3101  0.0286  0.3119  0.3909  0.0829  0.000041
epoch:19 0.1093  0.3087  0.0632  0.0218  0.1039  0.2394  0.1696  0.2812  0.3051  0.0286  0.3073  0.3818  0.0808  0.000041
epoch:20 0.1096  0.3093  0.0513  0.0149  0.1034  0.2594  0.1855  0.2819  0.3116  0.0143  0.3156  0.3864  0.0811  0.000012
epoch:21 0.1135  0.3166  0.0555  0.0436  0.1027  0.2618  0.1920  0.2739  0.3051  0.0429  0.3092  0.3682  0.0825  0.000012
epoch:22 0.1016  0.3146  0.0294  0.0287  0.0941  0.2699  0.1703  0.2862  0.3116  0.0286  0.3147  0.3864  0.0833  0.000012
epoch:23 0.1012  0.3049  0.0365  0.0074  0.0959  0.2374  0.1732  0.2884  0.3174  0.0143  0.3239  0.3818  0.0804  0.000004
epoch:24 0.0989  0.3079  0.0227  0.0241  0.0947  0.2163  0.1616  0.2826  0.3080  0.0286  0.3138  0.3682  0.0847  0.000004
epoch:25 0.1044  0.3108  0.0359  0.0287  0.0979  0.2443  0.1797  0.2819  0.3094  0.0286  0.3156  0.3682  0.0843  0.000004
epoch:26 0.1111  0.3217  0.0264  0.0149  0.1071  0.2438  0.1826  0.2841  0.3174  0.0143  0.3211  0.3955  0.0832  0.000001
epoch:27 0.0991  0.2944  0.0224  0.0050  0.0948  0.2326  0.1725  0.2775  0.3058  0.0143  0.3101  0.3773  0.0822  0.000001
epoch:28 0.1064  0.3212  0.0209  0.0149  0.1001  0.2503  0.1797  0.2899  0.3196  0.0143  0.3248  0.3909  0.0825  0.000001
epoch:29 0.1109  0.3201  0.0575  0.0050  0.1045  0.2435  0.1819  0.2804  0.3123  0.0143  0.3174  0.3818  0.0827  0.000000
epoch:30 0.1028  0.3097  0.0368  0.0267  0.0975  0.2298  0.1819  0.2833  0.3101  0.0429  0.3156  0.3682  0.0856  0.000000
epoch:31 0.1051  0.2971  0.0573  0.0204  0.1016  0.2065  0.1790  0.2870  0.3138  0.0286  0.3248  0.3500  0.0802  0.000000
epoch:32 0.1132  0.3233  0.0510  0.0287  0.1081  0.2392  0.1790  0.2920  0.3196  0.0286  0.3284  0.3682  0.0852  0.000000
epoch:33 0.1160  0.3166  0.0496  0.0287  0.1108  0.2503  0.1891  0.2826  0.3123  0.0286  0.3156  0.3864  0.0864  0.000000
epoch:34 0.1132  0.3219  0.0510  0.0287  0.1040  0.2770  0.1783  0.2819  0.3123  0.0286  0.3110  0.4091  0.0786  0.000000
epoch:35 0.1075  0.3207  0.0407  0.0287  0.1002  0.2688  0.1855  0.2855  0.3130  0.0286  0.3119  0.4091  0.0811  0.000000
epoch:36 0.0975  0.2897  0.0344  0.0241  0.0930  0.2256  0.1696  0.2746  0.3014  0.0286  0.3092  0.3500  0.0835  0.000000
epoch:37 0.1060  0.3041  0.0626  0.0074  0.1014  0.2403  0.1855  0.2833  0.3130  0.0143  0.3220  0.3636  0.0823  0.000000
epoch:38 0.1068  0.3145  0.0385  0.0241  0.0990  0.2561  0.1717  0.2819  0.3101  0.0286  0.3101  0.4000  0.0816  0.000000
epoch:39 0.1156  0.3197  0.0551  0.0241  0.1139  0.2249  0.1870  0.2920  0.3152  0.0286  0.3211  0.3773  0.0838  0.000000
epoch:40 0.1042  0.3100  0.0369  0.0074  0.0980  0.2450  0.1761  0.2768  0.3014  0.0143  0.3064  0.3682  0.0831  0.000000
epoch:41 0.1169  0.3223  0.0358  0.0149  0.1096  0.2573  0.1877  0.2790  0.3058  0.0143  0.3101  0.3773  0.0828  0.000000
epoch:42 0.1070  0.3192  0.0284  0.0315  0.1008  0.2520  0.1819  0.2797  0.3101  0.0429  0.3183  0.3545  0.0824  0.000000
epoch:43 0.1033  0.3125  0.0456  0.0287  0.0980  0.2452  0.1783  0.2884  0.3123  0.0286  0.3174  0.3773  0.0841  0.000000
epoch:44 0.1025  0.3135  0.0338  0.0266  0.0938  0.2567  0.1768  0.2848  0.3145  0.0429  0.3202  0.3727  0.0845  0.000000
