epoch:0 0.0000  0.0000  0.0000  0.0000  0.0000  0.0000  0.0000  0.0000  0.0000  0.0000  0.0000  0.0000  0.5077  0.005000
epoch:1 0.0000  0.0000  0.0000  0.0000  0.0000  0.0000  0.0000  0.0000  0.0000  0.0000  0.0000  0.0000  0.1372  0.005000
epoch:2 0.0084  0.0403  0.0050  0.0000  0.0103  0.0107  0.0427  0.0693  0.0760  0.0000  0.0821  0.0733  0.1132  0.005000
epoch:3 0.0136  0.0752  0.0001  0.0000  0.0142  0.0403  0.0333  0.0893  0.1133  0.0000  0.1107  0.1533  0.1002  0.005000
epoch:4 0.0248  0.1156  0.0011  0.0129  0.0291  0.0359  0.0547  0.1347  0.1667  0.0500  0.1768  0.1600  0.0892  0.005000
epoch:5 0.0515  0.1656  0.0268  0.0000  0.0605  0.0551  0.0853  0.1800  0.2013  0.0000  0.2250  0.1667  0.0925  0.005000
epoch:6 0.0683  0.2433  0.0248  0.0257  0.0675  0.1006  0.1000  0.1693  0.1867  0.0500  0.1821  0.2400  0.0911  0.005000
epoch:7 0.0620  0.2446  0.0152  0.0000  0.0645  0.0968  0.1053  0.2093  0.2240  0.0000  0.2321  0.2533  0.0903  0.005000
epoch:8 0.0609  0.2657  0.0011  0.0000  0.0724  0.0736  0.0853  0.2013  0.2280  0.0000  0.2232  0.3067  0.0916  0.005000
epoch:9 0.0843  0.3013  0.0085  0.0515  0.0794  0.1560  0.1093  0.2467  0.2627  0.1000  0.2304  0.4267  0.0874  0.005000
epoch:10 0.0811  0.3293  0.0286  0.0257  0.0783  0.1168  0.1440  0.2853  0.3067  0.0250  0.3054  0.3867  0.0851  0.005000
epoch:11 0.1272  0.4163  0.0014  0.1782  0.1129  0.2083  0.1293  0.3000  0.3107  0.1750  0.3054  0.3667  0.0886  0.005000
epoch:12 0.1581  0.5123  0.0290  0.0000  0.1430  0.2777  0.1840  0.3147  0.3320  0.0000  0.3250  0.4467  0.0791  0.005000
epoch:13 0.2294  0.5773  0.0989  0.0000  0.2087  0.3488  0.2680  0.3573  0.3613  0.0000  0.3625  0.4533  0.0750  0.001650
epoch:14 0.2126  0.6202  0.0822  0.0596  0.1951  0.3325  0.2360  0.3333  0.3467  0.1000  0.3232  0.5000  0.0728  0.001650
epoch:15 0.2459  0.7023  0.1317  0.1525  0.2261  0.3704  0.2600  0.3693  0.3893  0.2000  0.3857  0.4533  0.0747  0.001650
epoch:16 0.2744  0.7245  0.1569  0.0825  0.2608  0.3996  0.2920  0.3707  0.3933  0.1250  0.3839  0.5000  0.0707  0.000545
epoch:17 0.2577  0.6911  0.1361  0.1102  0.2367  0.3893  0.2787  0.3707  0.3960  0.1500  0.3839  0.5067  0.0690  0.000545
epoch:18 0.2784  0.6930  0.1813  0.0381  0.2690  0.4033  0.2920  0.3667  0.3760  0.0500  0.3607  0.5200  0.0706  0.000545
epoch:19 0.2692  0.7143  0.1258  0.0682  0.2519  0.3952  0.2920  0.3667  0.3933  0.1250  0.3821  0.5067  0.0698  0.000180
epoch:20 0.2645  0.6996  0.1343  0.1077  0.2624  0.3531  0.2813  0.4013  0.4147  0.1500  0.4125  0.4933  0.0708  0.000180
epoch:21 0.2838  0.6753  0.2196  0.1277  0.2703  0.4141  0.3040  0.4067  0.4213  0.1250  0.4179  0.5133  0.0693  0.000180
epoch:22 0.2722  0.7129  0.1499  0.1242  0.2628  0.3798  0.2960  0.3840  0.3973  0.1500  0.3946  0.4733  0.0673  0.000059
epoch:23 0.2694  0.7286  0.1588  0.0948  0.2402  0.4302  0.2893  0.3800  0.3920  0.1250  0.3804  0.5067  0.0703  0.000059
epoch:24 0.2792  0.6749  0.1522  0.1066  0.2640  0.4123  0.2853  0.3867  0.4000  0.1750  0.3911  0.4933  0.0691  0.000059
epoch:25 0.2879  0.7332  0.1874  0.0680  0.2730  0.4207  0.2973  0.3827  0.3947  0.1000  0.3911  0.4867  0.0720  0.000020
epoch:26 0.2913  0.7218  0.1860  0.1452  0.2760  0.4159  0.2907  0.3933  0.4080  0.1500  0.4036  0.4933  0.0675  0.000020
epoch:27 0.2811  0.7494  0.1711  0.1205  0.2708  0.3883  0.2973  0.3760  0.3973  0.1500  0.3929  0.4800  0.0694  0.000020
epoch:28 0.2700  0.7129  0.1424  0.0719  0.2561  0.3846  0.2933  0.3693  0.3840  0.1250  0.3857  0.4467  0.0685  0.000006
epoch:29 0.2587  0.7017  0.1601  0.0680  0.2451  0.3754  0.2853  0.3827  0.3947  0.0750  0.3929  0.4867  0.0670  0.000006
epoch:30 0.2752  0.7222  0.1703  0.1463  0.2568  0.4052  0.2987  0.3800  0.3987  0.1750  0.3893  0.4933  0.0691  0.000006
epoch:31 0.2939  0.7150  0.2142  0.1077  0.2775  0.4381  0.3147  0.3733  0.3907  0.1250  0.3732  0.5267  0.0704  0.000002
epoch:32 0.2944  0.7266  0.1895  0.0809  0.2839  0.4147  0.3027  0.3760  0.3893  0.1000  0.3768  0.5133  0.0680  0.000002
epoch:33 0.2753  0.7304  0.1825  0.1205  0.2548  0.4170  0.2840  0.3653  0.3813  0.1250  0.3661  0.5067  0.0690  0.000002
epoch:34 0.2810  0.7492  0.1333  0.1099  0.2609  0.4064  0.3000  0.3813  0.3960  0.1250  0.3946  0.4733  0.0699  0.000001
epoch:35 0.2623  0.6569  0.1687  0.0680  0.2421  0.3960  0.3027  0.3733  0.3907  0.0750  0.3768  0.5267  0.0706  0.000001
epoch:36 0.2663  0.6671  0.1438  0.1102  0.2414  0.4058  0.2733  0.3653  0.3840  0.1500  0.3679  0.5067  0.0687  0.000001
epoch:37 0.2884  0.6901  0.1973  0.1277  0.2785  0.4162  0.3040  0.4053  0.4160  0.1250  0.4161  0.4933  0.0676  0.000000
epoch:38 0.2851  0.6988  0.1998  0.1020  0.2701  0.4206  0.2973  0.3947  0.4040  0.1000  0.3946  0.5200  0.0668  0.000000
epoch:39 0.2804  0.6828  0.1915  0.0809  0.2675  0.4045  0.2947  0.3907  0.4040  0.1250  0.3911  0.5267  0.0702  0.000000
epoch:40 0.2797  0.6790  0.1864  0.0386  0.2693  0.4100  0.2973  0.3733  0.3840  0.0500  0.3804  0.4867  0.0689  0.000000
epoch:41 0.2794  0.7117  0.1834  0.1020  0.2692  0.3957  0.3080  0.4000  0.4107  0.1000  0.4018  0.5267  0.0693  0.000000
epoch:42 0.2870  0.7192  0.2149  0.1178  0.2689  0.4161  0.2907  0.3720  0.3880  0.2000  0.3714  0.5000  0.0692  0.000000
epoch:43 0.2909  0.7154  0.2066  0.0809  0.2812  0.4247  0.3000  0.3947  0.4040  0.1250  0.3982  0.5000  0.0682  0.000000
epoch:44 0.2664  0.6855  0.1711  0.1277  0.2345  0.4276  0.2893  0.3867  0.4053  0.1250  0.3911  0.5333  0.0694  0.000000
epoch:45 0.2814  0.6873  0.1791  0.1020  0.2651  0.4137  0.3160  0.4080  0.4213  0.1000  0.4179  0.5200  0.0699  0.000000
epoch:46 0.2855  0.7316  0.1842  0.1515  0.2670  0.4168  0.3027  0.3920  0.4133  0.1500  0.4071  0.5067  0.0670  0.000000
epoch:47 0.2864  0.7109  0.1933  0.0937  0.2730  0.4192  0.2920  0.3947  0.4093  0.1500  0.4018  0.5067  0.0698  0.000000
epoch:48 0.2988  0.7604  0.2207  0.1396  0.2925  0.4033  0.3040  0.3853  0.4027  0.1500  0.4036  0.4667  0.0724  0.000000
epoch:49 0.2831  0.7452  0.1929  0.0948  0.2745  0.3892  0.3067  0.3907  0.4000  0.1000  0.4018  0.4733  0.0684  0.000000
epoch:50 0.2722  0.7158  0.1688  0.0680  0.2652  0.3863  0.2920  0.3840  0.3987  0.1000  0.3929  0.5000  0.0685  0.000000
epoch:51 0.2928  0.7016  0.2243  0.0937  0.2771  0.4215  0.3027  0.3947  0.4093  0.1500  0.3964  0.5267  0.0688  0.000000
epoch:52 0.2937  0.7181  0.1758  0.1360  0.2844  0.3975  0.2960  0.4027  0.4293  0.2000  0.4232  0.5133  0.0709  0.000000
epoch:53 0.2977  0.7369  0.2139  0.0257  0.2830  0.4389  0.2947  0.3880  0.3973  0.0250  0.3929  0.5133  0.0704  0.000000
epoch:54 0.2734  0.6909  0.1902  0.0680  0.2568  0.4095  0.2813  0.3733  0.3853  0.1000  0.3750  0.5000  0.0691  0.000000
epoch:55 0.2922  0.7250  0.2147  0.0639  0.2764  0.4284  0.3067  0.3973  0.4147  0.1250  0.4089  0.5133  0.0678  0.000000
epoch:56 0.2744  0.7020  0.1480  0.0129  0.2548  0.4183  0.2933  0.3760  0.3867  0.0250  0.3804  0.5067  0.0685  0.000000
epoch:57 0.2794  0.6928  0.1581  0.0937  0.2628  0.4104  0.2973  0.4147  0.4213  0.1500  0.4161  0.5133  0.0673  0.000000
epoch:58 0.2835  0.7250  0.1841  0.1020  0.2609  0.4292  0.3107  0.3973  0.4107  0.1000  0.4000  0.5333  0.0692  0.000000
epoch:59 0.2823  0.7278  0.1771  0.0680  0.2567  0.4361  0.3200  0.3933  0.4053  0.1000  0.3929  0.5333  0.0699  0.000000
