epoch:0 0.0058  0.0344  0.0004  0.0000  0.0064  0.0034  0.0086  0.0362  0.0940  0.0071  0.0979  0.1182  0.5172  0.005000
epoch:1 0.0191  0.0905  0.0015  0.0008  0.0187  0.1240  0.0171  0.0653  0.1570  0.0310  0.1583  0.3455  0.3035  0.005000
epoch:2 0.0541  0.2095  0.0053  0.0009  0.0560  0.1936  0.0308  0.1169  0.2259  0.0619  0.2321  0.3227  0.3251  0.005000
epoch:3 0.0688  0.2858  0.0032  0.0092  0.0701  0.1588  0.0327  0.1320  0.2637  0.0143  0.2747  0.3500  0.3255  0.005000
epoch:4 0.0887  0.3381  0.0108  0.0026  0.0906  0.2293  0.0370  0.1556  0.2659  0.0167  0.2746  0.4273  0.3385  0.005000
epoch:5 0.2167  0.6731  0.0513  0.0133  0.2287  0.3694  0.0606  0.2789  0.3937  0.2214  0.4014  0.4364  0.3404  0.005000
epoch:6 0.3479  0.8656  0.1553  0.0718  0.3583  0.4531  0.0702  0.3830  0.4634  0.2286  0.4738  0.5273  0.3347  0.005000
epoch:7 0.3273  0.8305  0.1513  0.0146  0.3386  0.4860  0.0646  0.3770  0.4323  0.0571  0.4486  0.5591  0.3156  0.005000
epoch:8 0.3864  0.9054  0.2108  0.0601  0.4015  0.4455  0.0760  0.4171  0.4829  0.1500  0.5001  0.4909  0.2931  0.002500
epoch:9 0.4096  0.9037  0.2752  0.0621  0.4246  0.5150  0.0854  0.4369  0.5042  0.1310  0.5219  0.5727  0.2793  0.002500
epoch:10 0.3944  0.9000  0.2438  0.0843  0.4074  0.4973  0.0784  0.4242  0.4850  0.1762  0.4995  0.5455  0.2746  0.002500
epoch:11 0.4024  0.8944  0.2735  0.0292  0.4182  0.5159  0.0796  0.4347  0.5018  0.1000  0.5212  0.5636  0.2642  0.001250
epoch:12 0.4265  0.9058  0.3063  0.0695  0.4396  0.5261  0.0825  0.4566  0.5206  0.1595  0.5381  0.5727  0.2576  0.001250
epoch:13 0.4172  0.9059  0.3071  0.0632  0.4299  0.5535  0.0828  0.4436  0.5111  0.2143  0.5242  0.5955  0.2531  0.001250
epoch:14 0.4207  0.9040  0.2888  0.1093  0.4342  0.5324  0.0811  0.4483  0.5115  0.1810  0.5272  0.5727  0.2452  0.000625
epoch:15 0.4304  0.9045  0.3477  0.0543  0.4456  0.5430  0.0860  0.4552  0.5231  0.1381  0.5420  0.5773  0.2413  0.000625
epoch:16 0.4293  0.9039  0.3192  0.0642  0.4429  0.5458  0.0835  0.4575  0.5225  0.1476  0.5398  0.6091  0.2405  0.000625
epoch:17 0.4264  0.9010  0.3288  0.0587  0.4406  0.5529  0.0838  0.4593  0.5249  0.1643  0.5417  0.6000  0.2346  0.000313
epoch:18 0.4244  0.9055  0.3079  0.0868  0.4375  0.5676  0.0843  0.4538  0.5157  0.1524  0.5323  0.6045  0.2307  0.000313
epoch:19 0.4279  0.9059  0.3313  0.0681  0.4420  0.5369  0.0843  0.4564  0.5213  0.1619  0.5382  0.5909  0.2318  0.000313
epoch:20 0.4298  0.9060  0.3238  0.0793  0.4417  0.5570  0.0843  0.4583  0.5189  0.1548  0.5355  0.6091  0.2274  0.000156
epoch:21 0.4223  0.9037  0.3097  0.0705  0.4369  0.5506  0.0848  0.4557  0.5147  0.1333  0.5323  0.6045  0.2299  0.000156
epoch:22 0.4293  0.9029  0.3300  0.0559  0.4431  0.5736  0.0854  0.4569  0.5219  0.1310  0.5400  0.6091  0.2277  0.000156
epoch:23 0.4306  0.9055  0.3305  0.0737  0.4451  0.5446  0.0843  0.4565  0.5225  0.1690  0.5387  0.6045  0.2280  0.000078
epoch:24 0.4306  0.9050  0.3431  0.0601  0.4458  0.5434  0.0851  0.4587  0.5223  0.1286  0.5408  0.6000  0.2264  0.000078
