epoch:0 0.0000  0.0000  0.0000  0.0000  0.0000  0.0000  0.0000  0.0000  0.0000  0.0000  0.0000  0.0000  0.4811  0.005000
epoch:1 0.0000  0.0000  0.0000  0.0000  0.0000  0.0092  0.0000  0.0000  0.0027  0.0000  0.0000  0.0133  0.1398  0.005000
epoch:2 0.0092  0.0596  0.0000  0.0000  0.0103  0.0381  0.0347  0.0787  0.0867  0.0000  0.0911  0.0933  0.1080  0.005000
epoch:3 0.0260  0.0971  0.0001  0.0000  0.0274  0.0667  0.0507  0.1707  0.1893  0.0000  0.1875  0.2467  0.0978  0.005000
epoch:4 0.0345  0.1033  0.0152  0.0000  0.0394  0.1180  0.0787  0.1893  0.2000  0.0000  0.2054  0.2333  0.0947  0.005000
epoch:5 0.0547  0.1728  0.0181  0.0000  0.0666  0.0999  0.1200  0.2253  0.2627  0.0000  0.2518  0.3733  0.0995  0.005000
epoch:6 0.0740  0.2764  0.0143  0.0010  0.0809  0.1025  0.1307  0.2267  0.2547  0.0250  0.2571  0.3067  0.0912  0.005000
epoch:7 0.1490  0.4429  0.0355  0.0074  0.1612  0.1608  0.2107  0.3173  0.3413  0.0750  0.3714  0.3000  0.0840  0.005000
epoch:8 0.1660  0.5306  0.0503  0.0515  0.1668  0.2436  0.2107  0.2960  0.3147  0.0500  0.3196  0.3667  0.0810  0.001500
epoch:9 0.1913  0.5627  0.0938  0.0556  0.1917  0.2640  0.2333  0.3400  0.3747  0.1500  0.3768  0.4267  0.0793  0.001500
epoch:10 0.1978  0.5908  0.0616  0.0037  0.1993  0.2832  0.2267  0.3053  0.3293  0.0250  0.3321  0.4000  0.0765  0.001500
epoch:11 0.1764  0.5620  0.0369  0.0043  0.1788  0.2840  0.2173  0.3027  0.3360  0.0250  0.3339  0.4267  0.0755  0.000450
epoch:12 0.2261  0.6388  0.0789  0.0391  0.2114  0.3475  0.2707  0.3467  0.3787  0.0750  0.3786  0.4600  0.0753  0.000450
epoch:13 0.2363  0.6355  0.1154  0.0000  0.2385  0.3186  0.2747  0.3587  0.3880  0.0000  0.4107  0.4067  0.0738  0.000450
epoch:14 0.2372  0.6285  0.1264  0.0029  0.2390  0.3287  0.2640  0.3653  0.4013  0.0250  0.4161  0.4467  0.0745  0.000135
epoch:15 0.2563  0.6660  0.1020  0.0000  0.2606  0.3294  0.2680  0.3747  0.3947  0.0000  0.3911  0.5133  0.0745  0.000135
epoch:16 0.2254  0.6246  0.0805  0.0032  0.2298  0.3194  0.2360  0.3467  0.3707  0.0250  0.3750  0.4467  0.0741  0.000135
epoch:17 0.2363  0.6346  0.1047  0.0126  0.2358  0.3213  0.2720  0.3627  0.4000  0.0500  0.4107  0.4533  0.0729  0.000041
epoch:18 0.2535  0.6423  0.1077  0.0000  0.2499  0.3555  0.2613  0.3613  0.3867  0.0000  0.3911  0.4733  0.0726  0.000041
epoch:19 0.2575  0.6428  0.1643  0.0043  0.2508  0.3579  0.2600  0.3653  0.3933  0.0250  0.4000  0.4667  0.0726  0.000041
epoch:20 0.2433  0.6408  0.0833  0.0257  0.2421  0.3290  0.2533  0.3613  0.3867  0.0250  0.4000  0.4333  0.0736  0.000012
epoch:21 0.2535  0.6631  0.1176  0.0043  0.2569  0.3267  0.2747  0.3640  0.3973  0.0250  0.4143  0.4333  0.0729  0.000012
epoch:22 0.2596  0.6508  0.0920  0.0216  0.2501  0.3704  0.2653  0.3680  0.3987  0.0750  0.4018  0.4733  0.0729  0.000012
epoch:23 0.2217  0.6168  0.0734  0.0026  0.2169  0.3219  0.2413  0.3333  0.3547  0.0250  0.3554  0.4400  0.0718  0.000004
epoch:24 0.2339  0.6347  0.0529  0.0037  0.2447  0.2912  0.2573  0.3493  0.3760  0.0250  0.3893  0.4200  0.0745  0.000004
epoch:25 0.2428  0.6210  0.1104  0.0257  0.2526  0.2984  0.2587  0.3693  0.3933  0.0500  0.4054  0.4400  0.0751  0.000004
epoch:26 0.2388  0.6206  0.0882  0.0000  0.2433  0.3123  0.2573  0.3587  0.3867  0.0000  0.3982  0.4467  0.0727  0.000001
epoch:27 0.2337  0.6405  0.1046  0.0000  0.2415  0.2852  0.2547  0.3480  0.3773  0.0000  0.4036  0.3800  0.0716  0.000001
epoch:28 0.2294  0.6405  0.0844  0.0000  0.2330  0.2907  0.2493  0.3360  0.3680  0.0000  0.3875  0.3933  0.0742  0.000001
epoch:29 0.2626  0.6376  0.1094  0.0000  0.2583  0.3556  0.2880  0.3640  0.3960  0.0000  0.4036  0.4733  0.0713  0.000000
epoch:30 0.2359  0.6360  0.0882  0.0047  0.2328  0.3261  0.2573  0.3467  0.3760  0.0500  0.3821  0.4400  0.0736  0.000000
epoch:31 0.2370  0.6662  0.0631  0.0000  0.2419  0.3118  0.2413  0.3547  0.3747  0.0000  0.3821  0.4467  0.0737  0.000000
epoch:32 0.2351  0.6239  0.0981  0.0000  0.2267  0.3586  0.2467  0.3653  0.3933  0.0000  0.3893  0.5133  0.0740  0.000000
epoch:33 0.2506  0.6497  0.1117  0.0328  0.2537  0.3076  0.2653  0.3613  0.3853  0.0500  0.4018  0.4133  0.0727  0.000000
epoch:34 0.2374  0.6374  0.0953  0.0064  0.2413  0.3026  0.2520  0.3453  0.3800  0.0500  0.3964  0.4067  0.0732  0.000000
