epoch:0 0.0000  0.0000  0.0000  0.0000  0.0000  0.0000  0.0000  0.0000  0.0000  0.0000  0.0000  0.0000  0.5934  0.005000
epoch:1 0.0009  0.0051  0.0000  0.0000  0.0009  0.0000  0.0008  0.0137  0.0538  0.0000  0.0548  0.0000  0.2862  0.005000
epoch:2 0.0000  0.0000  0.0000  0.0000  0.0000  0.0000  0.0000  0.0000  0.0000  0.0000  0.0000  0.0000  0.2764  0.005000
epoch:3 0.0011  0.0045  0.0000  0.0000  0.0011  0.0000  0.0024  0.0148  0.0470  0.0000  0.0479  0.0000  0.2842  0.001650
epoch:4 0.0006  0.0025  0.0000  0.0000  0.0007  0.0000  0.0024  0.0086  0.0086  0.0000  0.0088  0.0000  0.2740  0.001650
epoch:5 0.0019  0.0094  0.0001  0.0000  0.0020  0.0000  0.0043  0.0194  0.0798  0.0000  0.0814  0.0000  0.2732  0.001650
epoch:6 0.0025  0.0099  0.0008  0.0000  0.0026  0.0000  0.0016  0.0177  0.0527  0.0000  0.0537  0.0000  0.2743  0.000545
epoch:7 0.0039  0.0145  0.0025  0.0000  0.0040  0.0000  0.0024  0.0191  0.0626  0.0000  0.0638  0.0000  0.2759  0.000545
epoch:8 0.0014  0.0084  0.0001  0.0000  0.0014  0.0000  0.0016  0.0199  0.0543  0.0000  0.0553  0.0000  0.2721  0.000545
epoch:9 0.0019  0.0095  0.0001  0.0000  0.0019  0.0000  0.0032  0.0199  0.0737  0.0000  0.0751  0.0000  0.2746  0.000180
epoch:10 0.0023  0.0124  0.0002  0.0000  0.0023  0.0000  0.0038  0.0231  0.0594  0.0000  0.0605  0.0000  0.2759  0.000180
epoch:11 0.0019  0.0091  0.0003  0.0000  0.0019  0.0000  0.0024  0.0194  0.0742  0.0000  0.0756  0.0000  0.2804  0.000180
epoch:12 0.0033  0.0147  0.0001  0.0000  0.0033  0.0000  0.0051  0.0185  0.0661  0.0000  0.0674  0.0000  0.2736  0.000059
epoch:13 0.0033  0.0199  0.0009  0.0000  0.0034  0.0000  0.0038  0.0172  0.0642  0.0000  0.0655  0.0000  0.2773  0.000059
epoch:14 0.0014  0.0083  0.0000  0.0000  0.0015  0.0000  0.0011  0.0142  0.0616  0.0000  0.0627  0.0000  0.2764  0.000059
