epoch:0 0.0107  0.0508  0.0008  0.0127  0.0123  0.0071  0.0042  0.0350  0.2144  0.2411  0.1812  0.1731  1.3158  0.010050
epoch:1 0.0650  0.2880  0.0036  0.0987  0.0449  0.0340  0.0242  0.1478  0.2619  0.2865  0.2376  0.2115  1.0431  0.010050
epoch:2 0.1150  0.4608  0.0097  0.1486  0.0845  0.1195  0.0311  0.1994  0.3139  0.3246  0.3079  0.2827  0.9713  0.010050
epoch:3 0.1627  0.5563  0.0313  0.1731  0.1404  0.1925  0.0392  0.2428  0.3486  0.3304  0.3683  0.3827  0.8625  0.003317
epoch:4 0.1857  0.6188  0.0372  0.1891  0.1684  0.2298  0.0500  0.2547  0.3633  0.3329  0.4079  0.3981  0.8050  0.003317
epoch:5 0.2091  0.6474  0.0546  0.2199  0.1899  0.2485  0.0494  0.2814  0.3750  0.3449  0.4158  0.4154  0.7911  0.003317
epoch:6 0.2087  0.6488  0.0459  0.2177  0.1992  0.2482  0.0528  0.2792  0.3742  0.3444  0.4198  0.4038  0.7501  0.001094
epoch:7 0.2146  0.6497  0.0631  0.2231  0.1957  0.2662  0.0489  0.2878  0.3756  0.3464  0.4198  0.4058  0.7380  0.001094
epoch:8 0.2147  0.6551  0.0516  0.2183  0.2074  0.2631  0.0547  0.2883  0.3728  0.3454  0.4109  0.4077  0.7164  0.001094
epoch:9 0.2124  0.6545  0.0541  0.2162  0.2042  0.2628  0.0506  0.2850  0.3722  0.3425  0.4109  0.4154  0.7177  0.000361
epoch:10 0.2162  0.6530  0.0753  0.2254  0.1992  0.2675  0.0503  0.2889  0.3761  0.3502  0.4109  0.4115  0.7148  0.000361
epoch:11 0.2117  0.6540  0.0503  0.2168  0.1987  0.2676  0.0506  0.2825  0.3786  0.3493  0.4149  0.4250  0.7116  0.000361
epoch:12 0.2076  0.6449  0.0548  0.2152  0.1987  0.2548  0.0494  0.2828  0.3686  0.3391  0.4079  0.4096  0.7103  0.000119
epoch:13 0.2135  0.6465  0.0696  0.2225  0.2061  0.2578  0.0517  0.2881  0.3750  0.3464  0.4089  0.4231  0.6908  0.000119
epoch:14 0.2111  0.6507  0.0619  0.2188  0.2053  0.2521  0.0506  0.2858  0.3697  0.3430  0.4040  0.4096  0.6986  0.000119
