epoch:0 0.0000  0.0000  0.0000  -1.0000  0.0000  0.0000  0.0000  0.0000  0.0019  -1.0000  0.0032  0.0000  0.3479  0.005000
epoch:1 0.0008  0.0020  0.0009  -1.0000  0.0000  0.0083  0.0014  0.0175  0.0223  -1.0000  0.0097  0.0402  0.1624  0.005000
epoch:2 0.0027  0.0116  0.0013  -1.0000  0.0001  0.0130  0.0185  0.0412  0.0659  -1.0000  0.0323  0.1138  0.1581  0.005000
epoch:3 0.0089  0.0265  0.0038  -1.0000  0.0002  0.0214  0.0289  0.0621  0.0872  -1.0000  0.0242  0.1770  0.1657  0.005000
epoch:4 0.0095  0.0283  0.0014  -1.0000  0.0006  0.0244  0.0422  0.0787  0.1370  -1.0000  0.0685  0.2345  0.1611  0.005000
epoch:5 0.0093  0.0274  0.0033  -1.0000  0.0010  0.0250  0.0346  0.0744  0.1384  -1.0000  0.0831  0.2172  0.1724  0.005000
epoch:6 0.0126  0.0391  0.0051  -1.0000  0.0028  0.0270  0.0389  0.1128  0.1479  -1.0000  0.0927  0.2264  0.1667  0.005000
epoch:7 0.0142  0.0528  0.0033  -1.0000  0.0024  0.0330  0.0441  0.1270  0.1460  -1.0000  0.0742  0.2483  0.1639  0.005000
epoch:8 0.0199  0.0678  0.0048  -1.0000  0.0076  0.0418  0.0507  0.1682  0.2318  -1.0000  0.1685  0.3218  0.1506  0.001650
epoch:9 0.0235  0.0864  0.0044  -1.0000  0.0090  0.0465  0.0441  0.1839  0.2469  -1.0000  0.1669  0.3609  0.1494  0.001650
epoch:10 0.0334  0.1024  0.0057  -1.0000  0.0093  0.0686  0.0659  0.2109  0.2469  -1.0000  0.1694  0.3575  0.1421  0.001650
epoch:11 0.0371  0.1166  0.0142  -1.0000  0.0146  0.0725  0.0739  0.2232  0.2649  -1.0000  0.1734  0.3954  0.1412  0.000545
epoch:12 0.0371  0.1134  0.0116  -1.0000  0.0142  0.0734  0.0711  0.2147  0.2583  -1.0000  0.1710  0.3828  0.1341  0.000545
epoch:13 0.0421  0.1202  0.0158  -1.0000  0.0142  0.0866  0.0877  0.2398  0.2844  -1.0000  0.1960  0.4103  0.1353  0.000545
epoch:14 0.0470  0.1442  0.0177  -1.0000  0.0194  0.0890  0.0934  0.2564  0.2967  -1.0000  0.1992  0.4356  0.1346  0.000180
epoch:15 0.0462  0.1312  0.0196  -1.0000  0.0181  0.0888  0.0834  0.2502  0.2953  -1.0000  0.2016  0.4287  0.1334  0.000180
epoch:16 0.0464  0.1489  0.0085  -1.0000  0.0201  0.0871  0.0806  0.2607  0.2924  -1.0000  0.2097  0.4103  0.1321  0.000180
epoch:17 0.0460  0.1474  0.0117  -1.0000  0.0176  0.0910  0.0825  0.2455  0.2806  -1.0000  0.1887  0.4115  0.1307  0.000059
epoch:18 0.0463  0.1432  0.0152  -1.0000  0.0188  0.0890  0.0995  0.2427  0.2787  -1.0000  0.1935  0.4000  0.1341  0.000059
epoch:19 0.0482  0.1491  0.0103  -1.0000  0.0241  0.0837  0.0801  0.2687  0.2995  -1.0000  0.2266  0.4034  0.1323  0.000059
epoch:20 0.0436  0.1447  0.0097  -1.0000  0.0184  0.0809  0.0896  0.2417  0.2701  -1.0000  0.1927  0.3805  0.1326  0.000020
epoch:21 0.0514  0.1449  0.0242  -1.0000  0.0214  0.0962  0.0962  0.2630  0.2967  -1.0000  0.2153  0.4126  0.1302  0.000020
epoch:22 0.0464  0.1373  0.0170  -1.0000  0.0166  0.0918  0.0867  0.2488  0.2829  -1.0000  0.1952  0.4080  0.1334  0.000020
epoch:23 0.0487  0.1423  0.0171  -1.0000  0.0206  0.0911  0.0957  0.2469  0.2844  -1.0000  0.2024  0.4011  0.1311  0.000006
epoch:24 0.0456  0.1328  0.0119  -1.0000  0.0178  0.0887  0.0872  0.2502  0.2810  -1.0000  0.2048  0.3897  0.1321  0.000006
