epoch:0 0.0000  0.0000  0.0000  0.0000  0.0000  0.0000  0.0000  0.0000  0.0000  0.0000  0.0000  0.0000  0.5036  0.009000
epoch:1 0.0000  0.0001  0.0000  0.0000  0.0000  0.0019  0.0000  0.0000  0.0063  0.0000  0.0069  0.0120  0.2347  0.009000
epoch:2 0.0008  0.0039  0.0005  0.0000  0.0001  0.0250  0.0072  0.0154  0.0335  0.0000  0.0225  0.1520  0.2150  0.009000
epoch:3 0.0051  0.0215  0.0005  0.0000  0.0002  0.0442  0.0063  0.0362  0.0502  0.0000  0.0225  0.3000  0.2289  0.009000
epoch:4 0.0052  0.0223  0.0002  0.0000  0.0003  0.0462  0.0158  0.0339  0.0629  0.0000  0.0406  0.2960  0.2214  0.009000
epoch:5 0.0043  0.0151  0.0011  0.0000  0.0025  0.0290  0.0145  0.0412  0.0416  0.0000  0.0150  0.2720  0.2530  0.009000
epoch:6 0.0088  0.0433  0.0001  0.0000  0.0059  0.0569  0.0181  0.0380  0.0602  0.0000  0.0350  0.3080  0.2413  0.009000
epoch:7 0.0105  0.0423  0.0010  0.0000  0.0099  0.0683  0.0294  0.0462  0.0597  0.0000  0.0269  0.3560  0.2382  0.009000
epoch:8 0.0152  0.0454  0.0020  0.0000  0.0079  0.0969  0.0357  0.0579  0.0688  0.0000  0.0312  0.4080  0.2384  0.002700
epoch:9 0.0164  0.0531  0.0005  0.0000  0.0073  0.1053  0.0367  0.0552  0.0683  0.0000  0.0300  0.4120  0.2356  0.002700
epoch:10 0.0199  0.0579  0.0084  0.0000  0.0101  0.1355  0.0443  0.0593  0.0751  0.0028  0.0387  0.4120  0.2315  0.002700
epoch:11 0.0222  0.0637  0.0070  0.0000  0.0152  0.1387  0.0475  0.0615  0.0742  0.0000  0.0300  0.4640  0.2293  0.000810
epoch:12 0.0216  0.0637  0.0054  0.0000  0.0144  0.1363  0.0452  0.0620  0.0656  0.0000  0.0231  0.4320  0.2267  0.000810
epoch:13 0.0179  0.0569  0.0025  0.0000  0.0104  0.1118  0.0353  0.0584  0.0706  0.0000  0.0325  0.4160  0.2269  0.000810
epoch:14 0.0204  0.0609  0.0097  0.0000  0.0132  0.1289  0.0407  0.0652  0.0747  0.0000  0.0313  0.4600  0.2264  0.000243
epoch:15 0.0209  0.0645  0.0071  0.0000  0.0125  0.1319  0.0425  0.0624  0.0751  0.0000  0.0331  0.4520  0.2256  0.000243
epoch:16 0.0214  0.0621  0.0049  0.0000  0.0153  0.1300  0.0412  0.0615  0.0787  0.0000  0.0381  0.4520  0.2258  0.000243
epoch:17 0.0174  0.0528  0.0028  0.0000  0.0083  0.1127  0.0389  0.0606  0.0760  0.0000  0.0356  0.4440  0.2278  0.000073
epoch:18 0.0224  0.0668  0.0086  0.0000  0.0104  0.1482  0.0434  0.0611  0.0742  0.0000  0.0306  0.4600  0.2225  0.000073
epoch:19 0.0228  0.0687  0.0062  0.0000  0.0145  0.1447  0.0443  0.0615  0.0701  0.0028  0.0287  0.4320  0.2240  0.000073
epoch:20 0.0225  0.0645  0.0089  0.0000  0.0142  0.1396  0.0403  0.0620  0.0719  0.0000  0.0312  0.4360  0.2272  0.000022
epoch:21 0.0219  0.0659  0.0080  0.0000  0.0129  0.1326  0.0398  0.0566  0.0692  0.0000  0.0338  0.3960  0.2261  0.000022
epoch:22 0.0210  0.0628  0.0048  0.0000  0.0122  0.1351  0.0434  0.0643  0.0783  0.0000  0.0362  0.4600  0.2229  0.000022
epoch:23 0.0195  0.0633  0.0064  0.0000  0.0142  0.1188  0.0434  0.0588  0.0697  0.0000  0.0294  0.4280  0.2270  0.000007
epoch:24 0.0225  0.0614  0.0075  0.0000  0.0145  0.1450  0.0407  0.0643  0.0778  0.0000  0.0381  0.4440  0.2280  0.000007
epoch:25 0.0229  0.0673  0.0107  0.0000  0.0126  0.1457  0.0412  0.0643  0.0760  0.0056  0.0331  0.4520  0.2270  0.000007
epoch:26 0.0201  0.0601  0.0025  0.0000  0.0146  0.1229  0.0398  0.0597  0.0715  0.0000  0.0300  0.4400  0.2210  0.000002
epoch:27 0.0181  0.0585  0.0034  0.0000  0.0090  0.1170  0.0407  0.0561  0.0661  0.0000  0.0300  0.3920  0.2244  0.000002
epoch:28 0.0230  0.0659  0.0092  0.0000  0.0093  0.1540  0.0448  0.0643  0.0710  0.0000  0.0263  0.4600  0.2259  0.000002
epoch:29 0.0203  0.0584  0.0084  0.0000  0.0115  0.1375  0.0398  0.0624  0.0715  0.0000  0.0312  0.4320  0.2266  0.000001
epoch:30 0.0186  0.0588  0.0045  0.0000  0.0073  0.1255  0.0434  0.0552  0.0706  0.0000  0.0331  0.4120  0.2256  0.000001
epoch:31 0.0229  0.0659  0.0075  0.0000  0.0075  0.1635  0.0443  0.0620  0.0738  0.0000  0.0306  0.4560  0.2239  0.000001
epoch:32 0.0205  0.0595  0.0096  0.0000  0.0130  0.1313  0.0430  0.0638  0.0796  0.0000  0.0400  0.4480  0.2175  0.000000
epoch:33 0.0186  0.0539  0.0083  0.0000  0.0122  0.1212  0.0403  0.0588  0.0692  0.0000  0.0287  0.4280  0.2295  0.000000
epoch:34 0.0192  0.0585  0.0102  0.0000  0.0120  0.1257  0.0371  0.0588  0.0710  0.0000  0.0344  0.4080  0.2274  0.000000
