epoch:0 0.0000  0.0000  0.0000  0.0000  0.0000  0.0000  0.0000  0.0000  0.0000  0.0000  0.0000  0.0000  0.5507  0.009000
epoch:1 0.0000  0.0000  0.0000  0.0000  0.0000  0.0000  0.0000  0.0000  0.0000  0.0000  0.0000  0.0000  0.1654  0.009000
epoch:2 0.0080  0.0392  0.0001  0.0084  0.0080  0.0395  0.0319  0.0899  0.1362  0.0429  0.1385  0.1545  0.1186  0.009000
epoch:3 0.0084  0.0468  0.0003  0.0000  0.0090  0.0809  0.0152  0.1152  0.1587  0.0000  0.1606  0.2000  0.1028  0.009000
epoch:4 0.0144  0.0723  0.0006  0.0000  0.0144  0.0777  0.0442  0.1391  0.1804  0.0000  0.1761  0.2591  0.1008  0.009000
epoch:5 0.0338  0.1479  0.0010  0.0223  0.0363  0.0965  0.0884  0.1812  0.2232  0.0429  0.2321  0.2364  0.1014  0.009000
epoch:6 0.0516  0.1905  0.0083  0.0022  0.0480  0.2214  0.1188  0.2478  0.2891  0.0714  0.2679  0.4636  0.0951  0.009000
epoch:7 0.0896  0.3419  0.0134  0.0015  0.0864  0.2087  0.1319  0.2609  0.3029  0.0429  0.3046  0.3773  0.0917  0.009000
epoch:8 0.1109  0.3701  0.0428  0.0417  0.1191  0.1240  0.1616  0.2841  0.3290  0.0571  0.3440  0.3409  0.0808  0.002700
epoch:9 0.1389  0.3935  0.0474  0.0011  0.1462  0.1947  0.1717  0.2978  0.3377  0.0571  0.3349  0.4409  0.0770  0.002700
epoch:10 0.1297  0.4101  0.0496  0.0000  0.1297  0.1857  0.1674  0.3007  0.3312  0.0000  0.3367  0.4091  0.0754  0.002700
epoch:11 0.1516  0.4556  0.0435  0.0158  0.1529  0.2089  0.1877  0.3152  0.3543  0.0571  0.3606  0.4182  0.0730  0.000810
epoch:12 0.1602  0.4696  0.0844  0.0315  0.1631  0.2202  0.1986  0.3297  0.3609  0.0429  0.3706  0.4136  0.0749  0.000810
epoch:13 0.1746  0.4861  0.0863  0.0085  0.1798  0.2240  0.2116  0.3471  0.3732  0.0286  0.3835  0.4318  0.0735  0.000810
epoch:14 0.1730  0.5037  0.0722  0.0155  0.1733  0.2463  0.2101  0.3239  0.3464  0.0571  0.3569  0.3864  0.0721  0.000243
epoch:15 0.1752  0.4857  0.0899  0.0266  0.1705  0.2595  0.2109  0.3290  0.3565  0.0429  0.3560  0.4591  0.0713  0.000243
epoch:16 0.1724  0.4756  0.0967  0.0266  0.1696  0.2705  0.2022  0.3362  0.3601  0.0429  0.3596  0.4636  0.0699  0.000243
epoch:17 0.1669  0.4665  0.0972  0.0149  0.1764  0.2025  0.2065  0.3232  0.3565  0.0286  0.3633  0.4273  0.0697  0.000073
epoch:18 0.1765  0.5352  0.0904  0.0153  0.1684  0.2860  0.2087  0.3304  0.3587  0.0429  0.3615  0.4455  0.0661  0.000073
epoch:19 0.1636  0.4670  0.0673  0.0149  0.1657  0.2070  0.2014  0.3348  0.3594  0.0286  0.3661  0.4318  0.0720  0.000073
epoch:20 0.1669  0.4726  0.0781  0.0203  0.1730  0.1931  0.1993  0.3493  0.3717  0.0571  0.3789  0.4364  0.0685  0.000022
epoch:21 0.1816  0.5270  0.0766  0.0199  0.1779  0.2653  0.2116  0.3312  0.3587  0.0571  0.3615  0.4409  0.0681  0.000022
epoch:22 0.1654  0.4970  0.0806  0.0276  0.1615  0.2529  0.1913  0.3312  0.3572  0.0714  0.3550  0.4591  0.0703  0.000022
epoch:23 0.1746  0.5108  0.0908  0.0231  0.1685  0.2685  0.2058  0.3312  0.3601  0.0714  0.3670  0.4182  0.0683  0.000007
epoch:24 0.1641  0.4674  0.0834  0.0149  0.1727  0.1938  0.1957  0.3304  0.3536  0.0286  0.3596  0.4273  0.0703  0.000007
epoch:25 0.1658  0.5083  0.0792  0.0269  0.1656  0.2343  0.1920  0.3304  0.3580  0.0571  0.3615  0.4364  0.0702  0.000007
epoch:26 0.1744  0.5046  0.0795  0.0202  0.1714  0.2646  0.1928  0.3391  0.3645  0.0857  0.3587  0.4818  0.0724  0.000002
epoch:27 0.1813  0.5140  0.0851  0.0266  0.1763  0.2713  0.2043  0.3449  0.3710  0.0429  0.3743  0.4591  0.0695  0.000002
epoch:28 0.1753  0.5169  0.0667  0.0218  0.1690  0.2644  0.2029  0.3319  0.3609  0.0429  0.3642  0.4455  0.0698  0.000002
epoch:29 0.1648  0.4816  0.0735  0.0266  0.1670  0.2196  0.2000  0.3333  0.3652  0.0429  0.3706  0.4409  0.0702  0.000001
epoch:30 0.1754  0.5098  0.0928  0.0266  0.1675  0.2722  0.2051  0.3399  0.3659  0.0429  0.3697  0.4500  0.0671  0.000001
epoch:31 0.1685  0.4792  0.0761  0.0269  0.1724  0.2086  0.2036  0.3370  0.3652  0.0571  0.3651  0.4636  0.0695  0.000001
epoch:32 0.1780  0.5085  0.0762  0.0266  0.1795  0.2414  0.2123  0.3370  0.3652  0.0429  0.3734  0.4273  0.0709  0.000000
epoch:33 0.1728  0.5218  0.0665  0.0200  0.1683  0.2652  0.2014  0.3275  0.3529  0.0714  0.3514  0.4500  0.0694  0.000000
epoch:34 0.1656  0.4678  0.0788  0.0154  0.1711  0.2120  0.1957  0.3428  0.3688  0.0429  0.3725  0.4545  0.0743  0.000000
