epoch:0 0.0000  0.0000  0.0000  -1.0000  -1.0000  0.0000  0.0000  0.0000  0.0000  -1.0000  -1.0000  0.0000  0.9803  0.005000
epoch:1 0.0000  0.0000  0.0000  -1.0000  -1.0000  0.0000  0.0000  0.0000  0.0000  -1.0000  -1.0000  0.0000  0.3420  0.005000
epoch:2 0.0000  0.0000  0.0000  -1.0000  -1.0000  0.0000  0.0000  0.0000  0.0000  -1.0000  -1.0000  0.0000  0.2238  0.005000
epoch:3 0.0000  0.0000  0.0000  -1.0000  -1.0000  0.0000  0.0000  0.0000  0.0000  -1.0000  -1.0000  0.0000  0.2014  0.005000
epoch:4 0.0000  0.0000  0.0000  -1.0000  -1.0000  0.0000  0.0000  0.0000  0.0000  -1.0000  -1.0000  0.0000  0.1879  0.005000
epoch:5 0.0002  0.0011  0.0000  -1.0000  -1.0000  0.0002  0.0000  0.0000  0.0600  -1.0000  -1.0000  0.0600  0.1907  0.005000
epoch:6 0.0000  0.0000  0.0000  -1.0000  -1.0000  0.0000  0.0000  0.0000  0.0000  -1.0000  -1.0000  0.0000  0.1746  0.005000
epoch:7 0.0007  0.0026  0.0000  -1.0000  -1.0000  0.0007  0.0000  0.0000  0.1333  -1.0000  -1.0000  0.1333  0.1725  0.005000
epoch:8 0.0012  0.0116  0.0000  -1.0000  -1.0000  0.0012  0.0000  0.0067  0.0067  -1.0000  -1.0000  0.0067  0.1813  0.001650
epoch:9 0.0047  0.0231  0.0000  -1.0000  -1.0000  0.0047  0.0067  0.0467  0.1467  -1.0000  -1.0000  0.1467  0.1832  0.001650
epoch:10 0.0000  0.0000  0.0000  -1.0000  -1.0000  0.0000  0.0000  0.0000  0.0000  -1.0000  -1.0000  0.0000  0.1879  0.001650
epoch:11 0.0000  0.0000  0.0000  -1.0000  -1.0000  0.0000  0.0000  0.0000  0.0000  -1.0000  -1.0000  0.0000  0.1750  0.000545
epoch:12 0.0000  0.0000  0.0000  -1.0000  -1.0000  0.0000  0.0000  0.0000  0.0000  -1.0000  -1.0000  0.0000  0.1842  0.000545
epoch:13 0.0000  0.0000  0.0000  -1.0000  -1.0000  0.0000  0.0000  0.0000  0.0000  -1.0000  -1.0000  0.0000  0.1808  0.000545
epoch:14 0.0000  0.0000  0.0000  -1.0000  -1.0000  0.0000  0.0000  0.0000  0.0000  -1.0000  -1.0000  0.0000  0.1804  0.000180
epoch:15 0.0000  0.0000  0.0000  -1.0000  -1.0000  0.0000  0.0000  0.0000  0.0000  -1.0000  -1.0000  0.0000  0.1852  0.000180
epoch:16 0.0000  0.0000  0.0000  -1.0000  -1.0000  0.0000  0.0000  0.0000  0.0000  -1.0000  -1.0000  0.0000  0.1873  0.000180
epoch:17 0.0000  0.0000  0.0000  -1.0000  -1.0000  0.0000  0.0000  0.0000  0.0000  -1.0000  -1.0000  0.0000  0.1878  0.000059
epoch:18 0.0000  0.0000  0.0000  -1.0000  -1.0000  0.0000  0.0000  0.0000  0.0000  -1.0000  -1.0000  0.0000  0.1859  0.000059
epoch:19 0.0000  0.0000  0.0000  -1.0000  -1.0000  0.0000  0.0000  0.0000  0.0000  -1.0000  -1.0000  0.0000  0.1840  0.000059
epoch:20 0.0000  0.0000  0.0000  -1.0000  -1.0000  0.0000  0.0000  0.0000  0.0000  -1.0000  -1.0000  0.0000  0.1861  0.000020
