epoch:0 0.0035  0.0195  0.0001  0.0024  0.0075  0.0155  0.0027  0.0131  0.1118  0.1107  0.0969  0.1628  1.3742  0.010050
epoch:1 0.0773  0.3391  0.0064  0.0902  0.0757  0.0869  0.0229  0.1453  0.2766  0.3052  0.2031  0.3442  1.1035  0.010050
epoch:2 0.0608  0.2288  0.0089  0.0606  0.0415  0.2068  0.0133  0.1251  0.3118  0.3309  0.2592  0.3674  1.0391  0.010050
epoch:3 0.1359  0.5501  0.0125  0.1489  0.1073  0.1829  0.0345  0.1901  0.3017  0.3090  0.2777  0.3349  0.9536  0.003317
epoch:4 0.1357  0.5421  0.0117  0.1287  0.1347  0.2053  0.0315  0.1882  0.3288  0.3159  0.3431  0.3558  0.9099  0.003317
epoch:5 0.1832  0.6203  0.0380  0.1890  0.1615  0.2507  0.0443  0.2328  0.3628  0.3571  0.3685  0.3767  0.8793  0.003317
epoch:6 0.1861  0.6197  0.0418  0.1915  0.1638  0.2627  0.0421  0.2365  0.3522  0.3391  0.3577  0.4070  0.8559  0.001094
epoch:7 0.1919  0.6286  0.0474  0.1931  0.1743  0.2646  0.0438  0.2456  0.3631  0.3472  0.3823  0.3907  0.8428  0.001094
epoch:8 0.1924  0.6293  0.0455  0.1944  0.1698  0.2754  0.0451  0.2433  0.3586  0.3425  0.3715  0.4070  0.8545  0.001094
epoch:9 0.1924  0.6203  0.0425  0.1970  0.1751  0.2502  0.0451  0.2468  0.3680  0.3524  0.3885  0.3907  0.8353  0.000361
epoch:10 0.1936  0.6311  0.0465  0.1958  0.1721  0.2615  0.0438  0.2468  0.3653  0.3459  0.3862  0.4070  0.8411  0.000361
epoch:11 0.1938  0.6360  0.0518  0.1980  0.1767  0.2596  0.0463  0.2478  0.3714  0.3554  0.3938  0.3907  0.8276  0.000361
epoch:12 0.1940  0.6300  0.0547  0.1983  0.1761  0.2574  0.0466  0.2480  0.3685  0.3528  0.3877  0.3953  0.8462  0.000119
epoch:13 0.1951  0.6359  0.0457  0.2010  0.1738  0.2579  0.0466  0.2458  0.3650  0.3511  0.3823  0.3884  0.8215  0.000119
epoch:14 0.1951  0.6361  0.0361  0.1991  0.1725  0.2641  0.0448  0.2468  0.3653  0.3498  0.3808  0.4023  0.8257  0.000119
