epoch:0 0.0000  0.0000  0.0000  0.0000  0.0000  0.0000  0.0000  0.0000  0.0000  0.0000  0.0000  0.0000  0.5908  0.005000
epoch:1 0.0001  0.0003  0.0000  0.0000  0.0001  0.0000  0.0006  0.0006  0.0006  0.0000  0.0006  0.0000  0.2378  0.005000
epoch:2 0.0000  0.0000  0.0000  0.0000  0.0000  0.0000  0.0000  0.0000  0.0000  0.0000  0.0000  0.0000  0.2403  0.005000
epoch:3 0.0018  0.0093  0.0000  0.0000  0.0018  0.0000  0.0037  0.0056  0.0056  0.0000  0.0057  0.0000  0.2317  0.005000
epoch:4 0.0057  0.0216  0.0001  0.0000  0.0057  0.0000  0.0111  0.0263  0.0285  0.0000  0.0291  0.0000  0.2311  0.005000
epoch:5 0.0105  0.0589  0.0004  0.0020  0.0114  0.0000  0.0121  0.0601  0.1059  0.0333  0.1076  0.0000  0.2259  0.005000
epoch:6 0.0466  0.1982  0.0031  0.0006  0.0486  0.0000  0.0229  0.1223  0.2080  0.0333  0.2120  0.0000  0.1955  0.005000
epoch:7 0.0774  0.3606  0.0067  0.0000  0.0793  0.0000  0.0313  0.1573  0.2731  0.0000  0.2791  0.0000  0.2157  0.005000
epoch:8 0.1240  0.4788  0.0162  0.0000  0.1266  0.1000  0.0505  0.2288  0.3232  0.0000  0.3301  0.1000  0.2204  0.001650
epoch:9 0.1543  0.5880  0.0157  0.0000  0.1577  0.2000  0.0508  0.2656  0.3155  0.0000  0.3218  0.2000  0.2190  0.001650
epoch:10 0.1252  0.4746  0.0219  0.0000  0.1275  0.0917  0.0430  0.2285  0.3229  0.0000  0.3291  0.3000  0.2250  0.001650
epoch:11 0.1695  0.6361  0.0266  0.0042  0.1729  0.2000  0.0551  0.2752  0.3440  0.0167  0.3506  0.2000  0.2230  0.000545
epoch:12 0.1757  0.6363  0.0222  0.0000  0.1790  0.2033  0.0610  0.2684  0.3251  0.0000  0.3307  0.5000  0.2277  0.000545
epoch:13 0.1915  0.6385  0.0385  0.0477  0.1944  0.6000  0.0783  0.2997  0.3659  0.0833  0.3706  0.6000  0.2229  0.000545
epoch:14 0.1818  0.6720  0.0262  0.0177  0.1853  0.2000  0.0632  0.2842  0.3396  0.0500  0.3456  0.2000  0.2234  0.000180
epoch:15 0.1871  0.6466  0.0350  0.0337  0.1904  0.3000  0.0659  0.2957  0.3607  0.0833  0.3661  0.3000  0.2295  0.000180
epoch:16 0.1962  0.6599  0.0387  0.0000  0.2002  0.2000  0.0628  0.2904  0.3489  0.0000  0.3557  0.3000  0.2261  0.000180
epoch:17 0.1953  0.6752  0.0246  0.0168  0.1990  0.3000  0.0641  0.2950  0.3551  0.0667  0.3608  0.3000  0.2247  0.000059
epoch:18 0.1904  0.6814  0.0252  0.0084  0.1942  0.2000  0.0622  0.2910  0.3486  0.0167  0.3554  0.2000  0.2241  0.000059
epoch:19 0.1851  0.6534  0.0279  0.0168  0.1887  0.1500  0.0659  0.2851  0.3536  0.0333  0.3598  0.3000  0.2269  0.000059
epoch:20 0.1877  0.6312  0.0314  0.0084  0.1916  0.2000  0.0672  0.2954  0.3601  0.0167  0.3671  0.2000  0.2222  0.000020
epoch:21 0.1824  0.6362  0.0418  0.0042  0.1856  0.1833  0.0653  0.2938  0.3452  0.0167  0.3513  0.4000  0.2247  0.000020
epoch:22 0.1858  0.6611  0.0218  0.0042  0.1894  0.3000  0.0628  0.2873  0.3480  0.0333  0.3541  0.3000  0.2248  0.000020
epoch:23 0.1975  0.6628  0.0388  0.0000  0.2013  0.2000  0.0653  0.2975  0.3598  0.0000  0.3668  0.3000  0.2250  0.000006
epoch:24 0.1916  0.7022  0.0277  0.0084  0.1953  0.2000  0.0625  0.2929  0.3601  0.0167  0.3671  0.2000  0.2242  0.000006
epoch:25 0.1831  0.6603  0.0341  0.0000  0.1868  0.3000  0.0619  0.2963  0.3452  0.0000  0.3519  0.3000  0.2228  0.000006
epoch:26 0.1811  0.6624  0.0199  0.0056  0.1843  0.2000  0.0545  0.2941  0.3464  0.0333  0.3528  0.2000  0.2224  0.000002
epoch:27 0.1936  0.6763  0.0355  0.0191  0.1969  0.3000  0.0659  0.2892  0.3489  0.0500  0.3547  0.3000  0.2242  0.000002
epoch:28 0.1923  0.6884  0.0219  0.0281  0.1958  0.4000  0.0635  0.2963  0.3551  0.0833  0.3601  0.4000  0.2220  0.000002
epoch:29 0.1767  0.6533  0.0282  0.0017  0.1803  0.1500  0.0548  0.2802  0.3285  0.0167  0.3345  0.3000  0.2210  0.000001
epoch:30 0.1959  0.6876  0.0265  0.0261  0.1996  0.3000  0.0678  0.3025  0.3542  0.0833  0.3595  0.3000  0.2232  0.000001
epoch:31 0.1885  0.6594  0.0407  0.0135  0.1916  0.3000  0.0647  0.2985  0.3591  0.0667  0.3649  0.3000  0.2252  0.000001
epoch:32 0.1993  0.6923  0.0302  0.0224  0.2029  0.4000  0.0681  0.2913  0.3533  0.0667  0.3585  0.4000  0.2230  0.000000
epoch:33 0.1873  0.6795  0.0243  0.0096  0.1909  0.3000  0.0610  0.2920  0.3514  0.0667  0.3570  0.3000  0.2268  0.000000
epoch:34 0.1918  0.6639  0.0422  0.0000  0.1952  0.5000  0.0743  0.2978  0.3452  0.0000  0.3513  0.5000  0.2252  0.000000
