epoch:0 0.0005  0.0026  0.0000  0.0000  0.0005  0.0000  0.0002  0.0060  0.0436  0.0000  0.0455  0.0000  0.5388  0.005000
epoch:1 0.0069  0.0264  0.0001  0.0000  0.0068  0.0489  0.0048  0.0297  0.0680  0.0000  0.0683  0.1000  0.3055  0.005000
epoch:2 0.0067  0.0301  0.0006  0.0000  0.0062  0.0684  0.0092  0.0401  0.0943  0.0000  0.0939  0.1636  0.3096  0.005000
epoch:3 0.0063  0.0331  0.0006  0.0026  0.0058  0.0596  0.0096  0.0384  0.0945  0.0077  0.0937  0.1727  0.3201  0.001650
epoch:4 0.0104  0.0435  0.0052  0.0000  0.0073  0.1144  0.0143  0.0465  0.0989  0.0000  0.0975  0.2091  0.3183  0.001650
epoch:5 0.0916  0.3372  0.0140  0.0012  0.0900  0.2390  0.0382  0.1546  0.3105  0.0231  0.3147  0.3273  0.3341  0.005000
epoch:6 0.2059  0.6401  0.0503  0.0087  0.2081  0.3724  0.0575  0.2590  0.3916  0.1462  0.3934  0.4727  0.3531  0.005000
epoch:7 0.3106  0.8799  0.0930  0.1022  0.3122  0.3690  0.0662  0.3492  0.4202  0.1308  0.4252  0.4091  0.3416  0.005000
epoch:8 0.3381  0.8897  0.1478  0.0624  0.3384  0.4709  0.0763  0.3723  0.4303  0.0615  0.4340  0.5136  0.3280  0.001500
epoch:9 0.3274  0.9105  0.1003  0.0644  0.3315  0.3504  0.0661  0.3651  0.4183  0.1000  0.4244  0.3864  0.3201  0.001500
epoch:10 0.3786  0.9165  0.1727  0.1440  0.3804  0.4476  0.0794  0.4107  0.4661  0.1769  0.4704  0.4818  0.3092  0.001500
epoch:11 0.3913  0.9287  0.2089  0.1049  0.3942  0.4549  0.0816  0.4168  0.4728  0.1231  0.4780  0.4909  0.2968  0.000450
epoch:12 0.4010  0.9310  0.2271  0.1191  0.4042  0.4477  0.0826  0.4256  0.4824  0.1308  0.4880  0.4864  0.2962  0.000450
epoch:13 0.4048  0.9281  0.2481  0.0744  0.4075  0.4882  0.0826  0.4301  0.4885  0.0923  0.4939  0.5273  0.2890  0.000450
epoch:14 0.4052  0.9317  0.2366  0.1109  0.4084  0.4587  0.0817  0.4305  0.4889  0.1231  0.4947  0.4909  0.2907  0.000135
epoch:15 0.4066  0.9322  0.2449  0.0913  0.4103  0.4510  0.0850  0.4356  0.4917  0.1000  0.4974  0.5182  0.2860  0.000135
epoch:16 0.4018  0.9395  0.2115  0.1020  0.4048  0.4750  0.0802  0.4272  0.4865  0.1000  0.4922  0.5045  0.2873  0.000135
epoch:17 0.4084  0.9269  0.2542  0.0569  0.4117  0.4831  0.0834  0.4328  0.4921  0.0692  0.4979  0.5318  0.2880  0.000041
epoch:18 0.4124  0.9370  0.2522  0.1305  0.4142  0.5088  0.0830  0.4359  0.4927  0.1538  0.4963  0.5636  0.2903  0.000041
epoch:19 0.4070  0.9292  0.2291  0.0636  0.4104  0.4995  0.0826  0.4319  0.4902  0.1077  0.4951  0.5364  0.2853  0.000041
epoch:20 0.4101  0.9408  0.2513  0.1290  0.4113  0.4944  0.0861  0.4320  0.4903  0.1769  0.4940  0.5409  0.2853  0.000012
epoch:21 0.4052  0.9259  0.2355  0.1035  0.4071  0.4852  0.0825  0.4293  0.4871  0.1231  0.4919  0.5273  0.2804  0.000012
epoch:22 0.4109  0.9305  0.2502  0.0742  0.4136  0.4728  0.0841  0.4339  0.4916  0.0846  0.4976  0.5136  0.2838  0.000012
epoch:23 0.4088  0.9302  0.2334  0.0984  0.4107  0.4957  0.0836  0.4344  0.4901  0.1231  0.4938  0.5727  0.2863  0.000004
epoch:24 0.4103  0.9255  0.2663  0.0660  0.4133  0.4740  0.0842  0.4375  0.4949  0.0692  0.5011  0.5182  0.2876  0.000004
epoch:25 0.4115  0.9383  0.2505  0.0714  0.4164  0.4640  0.0823  0.4356  0.4940  0.0846  0.5004  0.5045  0.2870  0.000004
epoch:26 0.4116  0.9321  0.2506  0.1157  0.4148  0.4711  0.0812  0.4345  0.4933  0.1385  0.4980  0.5318  0.2879  0.000001
epoch:27 0.4050  0.9323  0.2361  0.1195  0.4080  0.4477  0.0811  0.4332  0.4898  0.1462  0.4949  0.5091  0.2860  0.000001
epoch:28 0.4040  0.9284  0.2390  0.1071  0.4050  0.4913  0.0799  0.4358  0.4903  0.1231  0.4952  0.5273  0.2829  0.000001
epoch:29 0.4087  0.9341  0.2410  0.1116  0.4119  0.4765  0.0826  0.4307  0.4878  0.1154  0.4929  0.5227  0.2842  0.000000
epoch:30 0.4126  0.9315  0.2615  0.1085  0.4147  0.4926  0.0834  0.4364  0.4938  0.1154  0.4987  0.5364  0.2830  0.000000
epoch:31 0.4131  0.9288  0.2354  0.0876  0.4165  0.4820  0.0826  0.4346  0.4908  0.1385  0.4956  0.5227  0.2851  0.000000
epoch:32 0.4130  0.9288  0.2471  0.1103  0.4146  0.5129  0.0843  0.4328  0.4921  0.1231  0.4964  0.5545  0.2832  0.000000
epoch:33 0.4091  0.9291  0.2553  0.1027  0.4138  0.4474  0.0826  0.4377  0.4921  0.1077  0.4978  0.5136  0.2845  0.000000
epoch:34 0.4124  0.9270  0.2344  0.0987  0.4141  0.4874  0.0837  0.4350  0.4920  0.1154  0.4973  0.5227  0.2851  0.000000
