epoch:0 0.0000  0.0000  0.0000  0.0000  0.0000  0.0000  0.0000  0.0000  0.0000  0.0000  0.0000  0.0000  0.5971  0.005000
epoch:1 0.0000  0.0000  0.0000  0.0000  0.0000  0.0000  0.0000  0.0000  0.0000  0.0000  0.0000  0.0000  0.1722  0.005000
epoch:2 0.0002  0.0012  0.0000  0.0000  0.0001  0.0450  0.0080  0.0196  0.0290  0.0000  0.0211  0.0773  0.1252  0.005000
epoch:3 0.0139  0.0765  0.0003  0.0000  0.0143  0.0277  0.0384  0.0971  0.1029  0.0000  0.1018  0.1409  0.1115  0.005000
epoch:4 0.0119  0.0665  0.0003  0.0000  0.0121  0.0458  0.0370  0.0964  0.1254  0.0000  0.1220  0.1818  0.1002  0.005000
epoch:5 0.0178  0.0889  0.0003  0.0000  0.0199  0.0855  0.0391  0.1449  0.2029  0.0000  0.2119  0.2227  0.0988  0.005000
epoch:6 0.0401  0.1406  0.0043  0.0021  0.0467  0.1042  0.1036  0.1870  0.2428  0.0286  0.2550  0.2500  0.0978  0.005000
epoch:7 0.0480  0.1764  0.0068  0.0010  0.0517  0.1708  0.1283  0.2319  0.2696  0.0286  0.2706  0.3409  0.1055  0.005000
epoch:8 0.0756  0.2369  0.0120  0.0032  0.0820  0.1399  0.1638  0.2667  0.3029  0.0286  0.3064  0.3727  0.0971  0.001650
epoch:9 0.0765  0.2541  0.0040  0.0020  0.0777  0.2040  0.1601  0.2522  0.2906  0.0286  0.2872  0.3909  0.0905  0.001650
epoch:10 0.0887  0.3061  0.0232  0.0050  0.0918  0.1377  0.1594  0.2551  0.2884  0.0143  0.3009  0.3136  0.0912  0.001650
epoch:11 0.0950  0.3338  0.0105  0.0117  0.0945  0.2199  0.1674  0.2833  0.3261  0.0571  0.3312  0.3864  0.0861  0.000545
epoch:12 0.0851  0.3332  0.0065  0.0033  0.0845  0.2290  0.1572  0.2703  0.3094  0.0286  0.3165  0.3636  0.0862  0.000545
epoch:13 0.1175  0.3530  0.0406  0.0181  0.1202  0.2069  0.1841  0.2913  0.3159  0.0714  0.3257  0.3455  0.0841  0.000545
epoch:14 0.1149  0.3806  0.0182  0.0231  0.1269  0.1201  0.1746  0.2870  0.3188  0.0714  0.3358  0.3136  0.0814  0.000180
epoch:15 0.1054  0.3501  0.0361  0.0259  0.1086  0.2013  0.1725  0.2877  0.3203  0.0571  0.3294  0.3591  0.0813  0.000180
epoch:16 0.1118  0.3614  0.0244  0.0337  0.1134  0.1742  0.1819  0.2804  0.3101  0.0714  0.3138  0.3682  0.0806  0.000180
epoch:17 0.1124  0.3662  0.0152  0.0042  0.1181  0.1560  0.1797  0.2906  0.3123  0.0286  0.3257  0.3364  0.0831  0.000059
epoch:18 0.1205  0.4060  0.0112  0.0155  0.1198  0.2169  0.1681  0.2826  0.3094  0.0571  0.3138  0.3682  0.0833  0.000059
epoch:19 0.1085  0.3958  0.0176  0.0285  0.1133  0.1561  0.1739  0.2703  0.3051  0.0571  0.3229  0.2955  0.0792  0.000059
epoch:20 0.1062  0.3649  0.0144  0.0144  0.1089  0.1905  0.1587  0.2783  0.3065  0.0571  0.3092  0.3727  0.0843  0.000020
epoch:21 0.1148  0.3731  0.0138  0.0152  0.1133  0.2408  0.1717  0.2855  0.3174  0.0429  0.3156  0.4136  0.0835  0.000020
epoch:22 0.1158  0.3933  0.0154  0.0167  0.1156  0.2204  0.1790  0.2790  0.3138  0.0429  0.3110  0.4136  0.0814  0.000020
epoch:23 0.1163  0.3789  0.0146  0.0190  0.1185  0.1787  0.1884  0.3101  0.3326  0.0714  0.3385  0.3864  0.0835  0.000006
epoch:24 0.1050  0.3509  0.0200  0.0000  0.1088  0.1497  0.1746  0.2790  0.3080  0.0000  0.3275  0.3091  0.0814  0.000006
