epoch:0 0.0000  0.0000  0.0000  0.0000  0.0000  0.0000  0.0000  0.0000  0.0000  0.0000  0.0000  0.0000  0.5080  0.005000
epoch:1 0.0000  0.0000  0.0000  0.0000  0.0000  0.0000  0.0000  0.0000  0.0000  0.0000  0.0000  0.0000  0.1416  0.005000
epoch:2 0.0092  0.0401  0.0005  0.0051  0.0121  0.0111  0.0560  0.1013  0.1067  0.0250  0.1250  0.0600  0.1073  0.005000
epoch:3 0.0109  0.0502  0.0023  0.0051  0.0119  0.0255  0.0507  0.1267  0.1547  0.0500  0.1661  0.1400  0.0951  0.005000
epoch:4 0.0264  0.1315  0.0012  0.0154  0.0344  0.0840  0.0733  0.1520  0.1813  0.0750  0.1982  0.1467  0.0980  0.005000
epoch:5 0.0546  0.1741  0.0253  0.0144  0.0596  0.1549  0.1280  0.2547  0.2773  0.0500  0.2875  0.3000  0.0916  0.005000
epoch:6 0.0902  0.3007  0.0387  0.0556  0.1005  0.1384  0.1547  0.2773  0.3080  0.1000  0.3196  0.3200  0.0886  0.005000
epoch:7 0.1407  0.4491  0.0349  0.0569  0.1159  0.2795  0.1893  0.2573  0.2813  0.1000  0.2446  0.4667  0.0839  0.005000
epoch:8 0.1896  0.5507  0.0730  0.0257  0.1814  0.2952  0.2040  0.3067  0.3453  0.0250  0.3482  0.4200  0.0805  0.001500
epoch:9 0.1974  0.6038  0.0559  0.0762  0.1918  0.2787  0.2133  0.3040  0.3373  0.0750  0.3339  0.4200  0.0793  0.001500
epoch:10 0.1984  0.5810  0.0675  0.0257  0.1931  0.2793  0.2253  0.3053  0.3373  0.0250  0.3482  0.3800  0.0796  0.001500
epoch:11 0.2398  0.6095  0.0694  0.0515  0.2249  0.3736  0.2480  0.3533  0.3853  0.0500  0.3839  0.4800  0.0771  0.000450
epoch:12 0.2085  0.6350  0.0611  0.0257  0.2053  0.3056  0.2413  0.3400  0.3640  0.0250  0.3661  0.4467  0.0742  0.000450
epoch:13 0.2263  0.6296  0.0915  0.0257  0.2094  0.3637  0.2427  0.3547  0.3840  0.0250  0.3821  0.4867  0.0759  0.000450
epoch:14 0.2389  0.6191  0.0831  0.0515  0.2192  0.3893  0.2680  0.3600  0.3920  0.0500  0.3804  0.5267  0.0727  0.000135
epoch:15 0.2332  0.6343  0.0845  0.0515  0.2190  0.3669  0.2533  0.3520  0.3787  0.0500  0.3750  0.4800  0.0733  0.000135
epoch:16 0.2392  0.6510  0.0925  0.0257  0.2276  0.3714  0.2733  0.3560  0.3947  0.0250  0.3821  0.5400  0.0717  0.000135
epoch:17 0.2495  0.6546  0.1055  0.0515  0.2336  0.3918  0.2707  0.3653  0.3960  0.0500  0.3911  0.5067  0.0760  0.000041
epoch:18 0.2397  0.6321  0.0929  0.0515  0.2157  0.4133  0.2627  0.3667  0.3840  0.0500  0.3732  0.5133  0.0730  0.000041
epoch:19 0.2376  0.6403  0.0977  0.0257  0.2258  0.3649  0.2547  0.3547  0.3840  0.0250  0.3893  0.4600  0.0702  0.000041
epoch:20 0.2349  0.6624  0.0741  0.0515  0.2336  0.3380  0.2560  0.3560  0.3827  0.0500  0.3839  0.4667  0.0743  0.000012
epoch:21 0.2507  0.6685  0.0846  0.0257  0.2426  0.3820  0.2800  0.3667  0.3893  0.0250  0.3911  0.4800  0.0723  0.000012
epoch:22 0.2534  0.6611  0.0886  0.0257  0.2343  0.4032  0.2680  0.3667  0.4053  0.0250  0.4000  0.5267  0.0718  0.000012
epoch:23 0.2431  0.6549  0.0854  0.0515  0.2363  0.3619  0.2827  0.3573  0.3907  0.0500  0.3875  0.4933  0.0738  0.000004
epoch:24 0.2509  0.6654  0.0454  0.0317  0.2337  0.3965  0.2680  0.3653  0.4053  0.0750  0.4054  0.4933  0.0735  0.000004
epoch:25 0.2567  0.6628  0.1167  0.0257  0.2433  0.3915  0.2733  0.3680  0.4013  0.0250  0.3982  0.5133  0.0742  0.000004
epoch:26 0.2664  0.6670  0.1327  0.0257  0.2433  0.4423  0.2760  0.3787  0.4080  0.0250  0.3964  0.5533  0.0733  0.000001
epoch:27 0.2407  0.6594  0.0981  0.0257  0.2308  0.3481  0.2787  0.3613  0.3933  0.0250  0.3982  0.4733  0.0704  0.000001
epoch:28 0.2592  0.6513  0.1155  0.0515  0.2415  0.4315  0.2880  0.3787  0.3960  0.0500  0.3857  0.5267  0.0715  0.000001
epoch:29 0.2436  0.6439  0.1220  0.0257  0.2264  0.3944  0.2667  0.3720  0.4067  0.0250  0.4107  0.4933  0.0716  0.000000
epoch:30 0.2336  0.6548  0.0743  0.0515  0.2166  0.3797  0.2560  0.3520  0.3880  0.0500  0.3857  0.4867  0.0711  0.000000
epoch:31 0.2628  0.6683  0.1682  0.0257  0.2422  0.4158  0.2760  0.3773  0.3947  0.0250  0.3929  0.5000  0.0720  0.000000
epoch:32 0.2522  0.6556  0.1047  0.0257  0.2262  0.4190  0.2693  0.3627  0.3920  0.0250  0.3911  0.4933  0.0723  0.000000
epoch:33 0.2362  0.6682  0.0533  0.0257  0.2258  0.3570  0.2533  0.3427  0.3733  0.0250  0.3786  0.4467  0.0741  0.000000
epoch:34 0.2626  0.6725  0.0851  0.0257  0.2498  0.3885  0.2800  0.3653  0.3933  0.0250  0.4000  0.4667  0.0718  0.000000
