epoch:0 0.0008  0.0039  0.0002  0.0000  0.0008  0.0376  0.0048  0.0157  0.0213  0.0000  0.0213  0.0364  0.5236  0.005000
epoch:1 0.0039  0.0182  0.0000  0.0000  0.0037  0.0360  0.0066  0.0251  0.0435  0.0000  0.0396  0.2091  0.3144  0.005000
epoch:2 0.0106  0.0425  0.0011  0.0000  0.0101  0.0720  0.0128  0.0399  0.0846  0.0000  0.0825  0.2091  0.3147  0.005000
epoch:3 0.0104  0.0448  0.0010  0.0005  0.0106  0.0385  0.0171  0.0501  0.0941  0.0154  0.0958  0.0818  0.3244  0.001650
epoch:4 0.0152  0.0663  0.0010  0.0026  0.0152  0.0437  0.0172  0.0571  0.1111  0.0077  0.1134  0.0909  0.3157  0.001650
epoch:5 0.0758  0.3447  0.0042  0.0143  0.0763  0.2044  0.0281  0.1484  0.2450  0.0308  0.2466  0.3136  0.3349  0.005000
epoch:6 0.1872  0.6309  0.0379  0.0442  0.1859  0.3909  0.0503  0.2447  0.3528  0.0846  0.3549  0.4364  0.3416  0.005000
epoch:7 0.2319  0.7526  0.0525  0.0806  0.2299  0.4157  0.0544  0.2943  0.3855  0.1077  0.3865  0.5136  0.3357  0.005000
epoch:8 0.3166  0.8864  0.1037  0.0782  0.3193  0.3503  0.0660  0.3577  0.4126  0.0769  0.4186  0.3909  0.3297  0.002000
epoch:9 0.3682  0.9043  0.1735  0.1386  0.3714  0.4474  0.0786  0.3954  0.4509  0.1385  0.4551  0.4818  0.3213  0.002000
epoch:10 0.3539  0.8971  0.1570  0.0544  0.3556  0.4813  0.0764  0.3937  0.4499  0.0692  0.4534  0.5500  0.3035  0.002000
epoch:11 0.3554  0.9002  0.1456  0.0624  0.3557  0.4722  0.0770  0.3965  0.4519  0.0615  0.4557  0.5409  0.3009  0.000800
epoch:12 0.3833  0.9210  0.2022  0.1000  0.3853  0.4809  0.0790  0.4184  0.4728  0.1000  0.4771  0.5364  0.2982  0.000800
epoch:13 0.3882  0.9102  0.2161  0.0465  0.3879  0.5606  0.0818  0.4207  0.4747  0.0462  0.4781  0.6045  0.2948  0.000800
epoch:14 0.4010  0.9323  0.2265  0.1376  0.4022  0.5232  0.0826  0.4310  0.4871  0.1385  0.4909  0.5545  0.2907  0.000320
epoch:15 0.4077  0.9359  0.2339  0.1461  0.4090  0.4866  0.0818  0.4314  0.4896  0.1538  0.4940  0.5273  0.2859  0.000320
epoch:16 0.4034  0.9191  0.2376  0.1079  0.4038  0.5397  0.0823  0.4297  0.4850  0.1077  0.4889  0.5682  0.2834  0.000320
epoch:17 0.4022  0.9255  0.2402  0.1317  0.4018  0.4968  0.0828  0.4323  0.4892  0.1308  0.4939  0.5318  0.2802  0.000128
epoch:18 0.4088  0.9225  0.2485  0.1444  0.4102  0.5174  0.0829  0.4339  0.4913  0.1462  0.4954  0.5455  0.2826  0.000128
epoch:19 0.4031  0.9308  0.2167  0.0964  0.4045  0.5044  0.0794  0.4285  0.4859  0.1231  0.4900  0.5500  0.2797  0.000128
epoch:20 0.4110  0.9249  0.2345  0.1297  0.4121  0.5299  0.0824  0.4382  0.4950  0.1308  0.4991  0.5591  0.2812  0.000051
epoch:21 0.4076  0.9349  0.2300  0.1172  0.4080  0.5328  0.0820  0.4349  0.4926  0.1231  0.4967  0.5591  0.2772  0.000051
epoch:22 0.4055  0.9319  0.2294  0.1568  0.4049  0.4963  0.0812  0.4327  0.4871  0.1692  0.4910  0.5318  0.2820  0.000051
epoch:23 0.4058  0.9330  0.2285  0.1307  0.4064  0.5161  0.0805  0.4350  0.4905  0.1308  0.4951  0.5364  0.2763  0.000020
epoch:24 0.4072  0.9341  0.2286  0.1921  0.4064  0.5209  0.0795  0.4374  0.4917  0.1923  0.4950  0.5500  0.2773  0.000020
epoch:25 0.4120  0.9308  0.2448  0.1635  0.4120  0.5178  0.0829  0.4396  0.4959  0.1692  0.4999  0.5455  0.2776  0.000020
epoch:26 0.4120  0.9389  0.2450  0.1545  0.4145  0.4871  0.0818  0.4419  0.4959  0.1538  0.5008  0.5227  0.2769  0.000008
epoch:27 0.4053  0.9320  0.2374  0.1322  0.4053  0.5383  0.0824  0.4343  0.4921  0.1385  0.4956  0.5727  0.2775  0.000008
epoch:28 0.4066  0.9347  0.2312  0.1529  0.4061  0.5114  0.0802  0.4353  0.4905  0.1538  0.4947  0.5364  0.2814  0.000008
epoch:29 0.4064  0.9301  0.2427  0.1672  0.4070  0.5140  0.0818  0.4410  0.4953  0.1692  0.4993  0.5455  0.2792  0.000003
epoch:30 0.4056  0.9278  0.2381  0.1578  0.4062  0.5106  0.0818  0.4374  0.4921  0.1615  0.4959  0.5500  0.2803  0.000003
epoch:31 0.4029  0.9272  0.2332  0.1480  0.4025  0.5209  0.0798  0.4298  0.4896  0.1692  0.4930  0.5545  0.2760  0.000003
epoch:32 0.4109  0.9321  0.2362  0.1214  0.4124  0.4950  0.0805  0.4393  0.4960  0.1308  0.5011  0.5273  0.2777  0.000001
epoch:33 0.4078  0.9294  0.2419  0.1721  0.4089  0.4942  0.0811  0.4352  0.4952  0.1769  0.4992  0.5364  0.2791  0.000001
epoch:34 0.4062  0.9347  0.2400  0.1988  0.4071  0.4931  0.0836  0.4333  0.4902  0.2000  0.4938  0.5318  0.2790  0.000001
epoch:35 0.4061  0.9361  0.2241  0.1606  0.4068  0.5150  0.0806  0.4357  0.4927  0.1615  0.4968  0.5409  0.2766  0.000001
epoch:36 0.4129  0.9386  0.2392  0.1756  0.4117  0.5493  0.0843  0.4350  0.4933  0.1769  0.4959  0.5864  0.2768  0.000001
epoch:37 0.4106  0.9324  0.2562  0.2122  0.4107  0.4872  0.0826  0.4360  0.4934  0.2154  0.4974  0.5136  0.2790  0.000001
epoch:38 0.4074  0.9326  0.2420  0.1545  0.4076  0.5108  0.0799  0.4394  0.4956  0.1538  0.5001  0.5318  0.2794  0.000000
epoch:39 0.4099  0.9230  0.2406  0.1068  0.4099  0.5442  0.0800  0.4346  0.4919  0.1077  0.4960  0.5682  0.2792  0.000000
epoch:40 0.4063  0.9319  0.2290  0.2002  0.4065  0.4976  0.0819  0.4313  0.4903  0.2000  0.4936  0.5409  0.2752  0.000000
epoch:41 0.4090  0.9264  0.2376  0.1883  0.4110  0.4960  0.0819  0.4333  0.4928  0.1923  0.4968  0.5273  0.2770  0.000000
epoch:42 0.4102  0.9323  0.2382  0.1545  0.4107  0.5113  0.0814  0.4383  0.4954  0.1538  0.5000  0.5318  0.2774  0.000000
epoch:43 0.4102  0.9347  0.2384  0.1604  0.4115  0.5058  0.0826  0.4375  0.4943  0.1615  0.4986  0.5318  0.2803  0.000000
epoch:44 0.4089  0.9340  0.2348  0.1903  0.4094  0.4965  0.0814  0.4399  0.4952  0.1923  0.4991  0.5318  0.2813  0.000000
epoch:45 0.4032  0.9234  0.2406  0.1317  0.4038  0.5296  0.0817  0.4337  0.4879  0.1308  0.4920  0.5500  0.2789  0.000000
epoch:46 0.4065  0.9319  0.2333  0.1238  0.4072  0.4957  0.0804  0.4380  0.4923  0.1308  0.4973  0.5273  0.2768  0.000000
epoch:47 0.4085  0.9333  0.2328  0.1196  0.4094  0.5017  0.0826  0.4366  0.4939  0.1308  0.4986  0.5364  0.2758  0.000000
epoch:48 0.4070  0.9348  0.2332  0.1545  0.4091  0.4908  0.0799  0.4337  0.4896  0.1538  0.4940  0.5273  0.2801  0.000000
epoch:49 0.4054  0.9337  0.2287  0.1913  0.4061  0.4860  0.0816  0.4321  0.4892  0.1923  0.4931  0.5227  0.2740  0.000000
epoch:50 0.4094  0.9341  0.2504  0.1498  0.4107  0.5009  0.0805  0.4360  0.4937  0.1538  0.4978  0.5455  0.2823  0.000000
epoch:51 0.4096  0.9241  0.2355  0.1741  0.4103  0.5171  0.0812  0.4343  0.4921  0.1769  0.4954  0.5591  0.2752  0.000000
epoch:52 0.4076  0.9314  0.2537  0.1740  0.4086  0.4920  0.0828  0.4388  0.4938  0.1769  0.4975  0.5455  0.2755  0.000000
