epoch:0 0.0000  0.0001  0.0000  -1.0000  0.0000  0.0001  0.0000  0.0000  0.0061  -1.0000  0.0000  0.0093  2.6135  0.010000
epoch:1 0.0000  0.0000  0.0000  -1.0000  0.0000  0.0000  0.0000  0.0000  0.0000  -1.0000  0.0000  0.0000  0.5176  0.010000
epoch:2 0.0023  0.0149  0.0000  -1.0000  0.0000  0.0074  0.0037  0.0110  0.0159  -1.0000  0.0000  0.0241  1.0135  0.010000
epoch:3 0.0168  0.0677  0.0030  -1.0000  0.0068  0.0302  0.0220  0.0695  0.1622  -1.0000  0.1071  0.1907  0.9390  0.003300
epoch:4 0.0177  0.0635  0.0058  -1.0000  0.0069  0.0300  0.0098  0.0659  0.2122  -1.0000  0.1714  0.2333  0.9445  0.003300
epoch:5 0.0243  0.0866  0.0108  -1.0000  0.0054  0.0363  0.0171  0.0524  0.2293  -1.0000  0.1750  0.2574  0.9840  0.003300
epoch:6 0.0190  0.0786  0.0056  -1.0000  0.0057  0.0278  0.0000  0.0488  0.2110  -1.0000  0.1643  0.2352  0.9669  0.001089
epoch:7 0.0206  0.0846  0.0035  -1.0000  0.0083  0.0287  0.0037  0.0427  0.2317  -1.0000  0.1893  0.2537  1.0054  0.001089
epoch:8 0.0175  0.0767  0.0022  -1.0000  0.0072  0.0239  0.0012  0.0280  0.2183  -1.0000  0.1679  0.2444  1.0083  0.001089
epoch:9 0.0198  0.0870  0.0032  -1.0000  0.0081  0.0272  0.0012  0.0537  0.2244  -1.0000  0.1893  0.2426  1.0473  0.000359
epoch:10 0.0200  0.0930  0.0018  -1.0000  0.0063  0.0287  0.0037  0.0415  0.2256  -1.0000  0.1964  0.2407  0.9960  0.000359
epoch:11 0.0188  0.0865  0.0017  -1.0000  0.0054  0.0285  0.0024  0.0488  0.2341  -1.0000  0.2179  0.2426  1.0828  0.000359
epoch:12 0.0194  0.0938  0.0013  -1.0000  0.0067  0.0289  0.0024  0.0488  0.2500  -1.0000  0.2357  0.2574  1.0494  0.000119
epoch:13 0.0180  0.0881  0.0021  -1.0000  0.0077  0.0266  0.0024  0.0402  0.2317  -1.0000  0.2179  0.2389  1.0237  0.000119
epoch:14 0.0176  0.0831  0.0012  -1.0000  0.0082  0.0247  0.0012  0.0451  0.2256  -1.0000  0.2143  0.2315  0.9789  0.000119
