epoch:0 0.0000  0.0000  0.0000  -1.0000  0.0000  0.0000  0.0000  0.0000  0.0000  -1.0000  0.0000  0.0000  0.7344  0.005000
epoch:1 0.0000  0.0000  0.0000  -1.0000  0.0000  0.0000  0.0000  0.0000  0.0000  -1.0000  0.0000  0.0000  0.1424  0.005000
epoch:2 0.0000  0.0000  0.0000  -1.0000  0.0000  0.0000  0.0000  0.0000  0.0000  -1.0000  0.0000  0.0000  0.1530  0.005000
epoch:3 0.0000  0.0000  0.0000  -1.0000  0.0000  0.0000  0.0000  0.0000  0.0000  -1.0000  0.0000  0.0000  0.1243  0.005000
epoch:4 0.0000  0.0000  0.0000  -1.0000  0.0000  0.0000  0.0000  0.0000  0.0000  -1.0000  0.0000  0.0000  0.1234  0.005000
epoch:5 0.0000  0.0000  0.0000  -1.0000  0.0000  0.0000  0.0000  0.0000  0.0000  -1.0000  0.0000  0.0000  0.1389  0.005000
epoch:6 0.0000  0.0000  0.0000  -1.0000  0.0000  0.0000  0.0000  0.0000  0.0000  -1.0000  0.0000  0.0000  0.1585  0.005000
epoch:7 0.0000  0.0000  0.0000  -1.0000  0.0000  0.0000  0.0000  0.0000  0.0000  -1.0000  0.0000  0.0000  0.1631  0.005000
epoch:8 0.0000  0.0000  0.0000  -1.0000  0.0000  0.0000  0.0000  0.0000  0.0000  -1.0000  0.0000  0.0000  0.1602  0.001650
epoch:9 0.0000  0.0000  0.0000  -1.0000  0.0000  0.0000  0.0000  0.0000  0.0000  -1.0000  0.0000  0.0000  0.1667  0.001650
epoch:10 0.0040  0.0198  0.0000  -1.0000  0.0000  0.0119  0.0067  0.0067  0.0067  -1.0000  0.0000  0.0100  0.1654  0.001650
epoch:11 0.0142  0.0745  0.0000  -1.0000  0.0085  0.0293  0.0500  0.1000  0.1100  -1.0000  0.0800  0.1250  0.1689  0.000545
epoch:12 0.0210  0.0621  0.0126  -1.0000  0.0089  0.0467  0.0500  0.1233  0.1267  -1.0000  0.0700  0.1550  0.1614  0.000545
epoch:13 0.0112  0.0545  0.0000  -1.0000  0.0145  0.0164  0.0300  0.0400  0.0567  -1.0000  0.0400  0.0650  0.1618  0.000545
epoch:14 0.0119  0.0517  0.0010  -1.0000  0.0131  0.0142  0.0733  0.1100  0.1467  -1.0000  0.1500  0.1450  0.1701  0.000180
epoch:15 0.0211  0.0755  0.0009  -1.0000  0.0149  0.0386  0.0833  0.1700  0.2033  -1.0000  0.2100  0.2000  0.1567  0.000180
epoch:16 0.0194  0.0716  0.0041  -1.0000  0.0070  0.0396  0.0667  0.1900  0.2233  -1.0000  0.1700  0.2500  0.1695  0.000180
epoch:17 0.0230  0.0792  0.0018  -1.0000  0.0126  0.0443  0.0867  0.2167  0.2200  -1.0000  0.2000  0.2300  0.1628  0.000059
epoch:18 0.0170  0.0757  0.0017  -1.0000  0.0071  0.0362  0.0633  0.1767  0.1967  -1.0000  0.1200  0.2350  0.1643  0.000059
epoch:19 0.0129  0.0553  0.0002  -1.0000  0.0077  0.0218  0.0400  0.1500  0.1900  -1.0000  0.1300  0.2200  0.1613  0.000059
epoch:20 0.0183  0.0639  0.0025  -1.0000  0.0107  0.0479  0.0933  0.1733  0.2000  -1.0000  0.1900  0.2050  0.1606  0.000020
epoch:21 0.0180  0.0718  0.0040  -1.0000  0.0212  0.0225  0.1033  0.1867  0.2033  -1.0000  0.2100  0.2000  0.1649  0.000020
epoch:22 0.0119  0.0542  0.0021  -1.0000  0.0066  0.0225  0.0633  0.1767  0.1967  -1.0000  0.1500  0.2200  0.1647  0.000020
epoch:23 0.0181  0.0631  0.0007  -1.0000  0.0143  0.0257  0.0700  0.2000  0.2767  -1.0000  0.1900  0.3200  0.1674  0.000006
epoch:24 0.0161  0.0756  0.0029  -1.0000  0.0072  0.0265  0.0800  0.1700  0.2033  -1.0000  0.1000  0.2550  0.1624  0.000006
