epoch:0 0.0000  0.0000  0.0000  0.0000  0.0000  0.0000  0.0000  0.0000  0.0000  0.0000  0.0000  0.0000  0.5801  0.005000
epoch:1 0.0000  0.0000  0.0000  0.0000  0.0000  0.0000  0.0000  0.0000  0.0000  0.0000  0.0000  0.0000  0.1803  0.005000
epoch:2 0.0001  0.0004  0.0000  0.0000  0.0000  0.0141  0.0000  0.0043  0.0145  0.0000  0.0092  0.0455  0.1318  0.005000
epoch:3 0.0070  0.0328  0.0006  0.0008  0.0070  0.0519  0.0507  0.1007  0.1138  0.0429  0.1128  0.1409  0.1114  0.005000
epoch:4 0.0133  0.0681  0.0003  0.0000  0.0135  0.0330  0.0717  0.1348  0.1449  0.0000  0.1385  0.2227  0.1030  0.005000
epoch:5 0.0167  0.0682  0.0004  0.0019  0.0177  0.0872  0.0304  0.1471  0.2297  0.0714  0.2303  0.2773  0.0929  0.005000
epoch:6 0.0358  0.1211  0.0023  0.0074  0.0384  0.1196  0.0674  0.2101  0.2565  0.0143  0.2541  0.3455  0.1053  0.005000
epoch:7 0.0626  0.2003  0.0207  0.0594  0.0639  0.1956  0.1297  0.2478  0.2949  0.0571  0.2835  0.4273  0.1032  0.005000
epoch:8 0.0901  0.2674  0.0319  0.0078  0.0968  0.1576  0.1435  0.2500  0.2804  0.0286  0.2771  0.3773  0.0983  0.001650
epoch:9 0.1028  0.3240  0.0240  0.0584  0.1054  0.1848  0.1601  0.2652  0.2971  0.0571  0.2991  0.3636  0.0954  0.001650
epoch:10 0.0983  0.2864  0.0215  0.0149  0.1032  0.1707  0.1761  0.2797  0.3138  0.0143  0.3156  0.4000  0.0907  0.001650
epoch:11 0.1032  0.3119  0.0316  0.0149  0.1057  0.2263  0.1710  0.2746  0.3058  0.0143  0.3055  0.4000  0.0888  0.000545
epoch:12 0.1093  0.3518  0.0391  0.0149  0.1099  0.2351  0.1681  0.2710  0.3094  0.0143  0.3101  0.4000  0.0863  0.000545
epoch:13 0.1197  0.3762  0.0400  0.0287  0.1205  0.2217  0.1891  0.2826  0.3203  0.0286  0.3248  0.3909  0.0860  0.000545
epoch:14 0.1165  0.3873  0.0392  0.0436  0.1183  0.1996  0.1848  0.2833  0.3138  0.0429  0.3193  0.3727  0.0850  0.000180
epoch:15 0.1122  0.3683  0.0447  0.0287  0.1144  0.2302  0.1920  0.2862  0.3167  0.0286  0.3193  0.3955  0.0836  0.000180
epoch:16 0.1083  0.3642  0.0274  0.0287  0.1093  0.2002  0.1920  0.2913  0.3217  0.0286  0.3239  0.4045  0.0871  0.000180
epoch:17 0.1200  0.3765  0.0557  0.0287  0.1227  0.1945  0.1986  0.3000  0.3319  0.0286  0.3394  0.3909  0.0810  0.000059
epoch:18 0.1147  0.3904  0.0382  0.0287  0.1153  0.2112  0.1920  0.2848  0.3181  0.0286  0.3229  0.3864  0.0824  0.000059
epoch:19 0.1092  0.3464  0.0394  0.0287  0.1130  0.1534  0.1841  0.2848  0.3123  0.0286  0.3174  0.3773  0.0855  0.000059
epoch:20 0.1214  0.3930  0.0469  0.0436  0.1219  0.2014  0.1870  0.2971  0.3283  0.0429  0.3358  0.3818  0.0855  0.000020
epoch:21 0.1243  0.3923  0.0619  0.0436  0.1265  0.1945  0.1891  0.2957  0.3333  0.0429  0.3422  0.3818  0.0817  0.000020
epoch:22 0.1221  0.3871  0.0559  0.0287  0.1199  0.2389  0.2029  0.3094  0.3326  0.0286  0.3358  0.4136  0.0855  0.000020
epoch:23 0.1051  0.3332  0.0260  0.0149  0.1067  0.2038  0.1812  0.2928  0.3203  0.0143  0.3229  0.4045  0.0817  0.000006
epoch:24 0.1231  0.3850  0.0516  0.0505  0.1261  0.1723  0.1826  0.2949  0.3326  0.0571  0.3413  0.3773  0.0841  0.000006
