epoch:0 0.0002  0.0012  0.0000  0.0000  0.0002  0.0000  0.0001  0.0024  0.0311  0.0000  0.0325  0.0000  0.5310  0.005000
epoch:1 0.0026  0.0132  0.0000  0.0000  0.0029  0.0506  0.0046  0.0186  0.0384  0.0000  0.0381  0.0727  0.3132  0.005000
epoch:2 0.0071  0.0365  0.0017  0.0010  0.0062  0.0918  0.0129  0.0394  0.0884  0.0231  0.0869  0.1818  0.3095  0.005000
epoch:3 0.0081  0.0399  0.0005  0.0004  0.0065  0.1511  0.0160  0.0414  0.0899  0.0154  0.0876  0.2182  0.3112  0.001650
epoch:4 0.0113  0.0537  0.0002  0.0038  0.0104  0.0716  0.0119  0.0468  0.0964  0.0231  0.0955  0.1727  0.3204  0.001650
epoch:5 0.0738  0.3110  0.0089  0.0104  0.0750  0.2558  0.0344  0.1429  0.2867  0.0538  0.2893  0.3318  0.3317  0.005000
epoch:6 0.2335  0.7134  0.0553  0.0317  0.2386  0.2662  0.0577  0.2949  0.3927  0.0385  0.3996  0.3500  0.3578  0.005000
epoch:7 0.2324  0.7677  0.0665  0.0950  0.2311  0.4263  0.0572  0.2904  0.3660  0.2385  0.3654  0.4636  0.3376  0.005000
epoch:8 0.3235  0.8768  0.1194  0.1504  0.3251  0.4228  0.0721  0.3704  0.4269  0.2077  0.4296  0.4591  0.3328  0.001500
epoch:9 0.3655  0.8993  0.1791  0.1850  0.3647  0.5286  0.0802  0.4018  0.4578  0.2231  0.4590  0.5545  0.3255  0.001500
epoch:10 0.3470  0.8754  0.1667  0.0920  0.3479  0.4835  0.0746  0.3944  0.4510  0.1538  0.4534  0.5409  0.3258  0.001500
epoch:11 0.3882  0.9252  0.1944  0.2064  0.3900  0.4626  0.0778  0.4208  0.4764  0.2231  0.4801  0.4909  0.3115  0.000450
epoch:12 0.3821  0.9178  0.1847  0.1017  0.3840  0.4880  0.0801  0.4164  0.4711  0.1538  0.4746  0.5318  0.3037  0.000450
epoch:13 0.3884  0.9199  0.2015  0.1420  0.3908  0.4753  0.0806  0.4154  0.4727  0.1692  0.4768  0.5045  0.3026  0.000450
epoch:14 0.4083  0.9212  0.2244  0.1625  0.4101  0.5041  0.0830  0.4366  0.4925  0.1692  0.4965  0.5364  0.2989  0.000135
epoch:15 0.4099  0.9305  0.2511  0.1895  0.4107  0.5108  0.0837  0.4345  0.4934  0.2231  0.4965  0.5409  0.2975  0.000135
epoch:16 0.4048  0.9310  0.2292  0.1747  0.4059  0.4908  0.0843  0.4308  0.4885  0.2000  0.4919  0.5364  0.2963  0.000135
epoch:17 0.4134  0.9344  0.2534  0.1637  0.4154  0.5097  0.0834  0.4380  0.4958  0.2000  0.4990  0.5545  0.2929  0.000041
epoch:18 0.4077  0.9315  0.2396  0.1894  0.4087  0.5241  0.0874  0.4333  0.4887  0.1923  0.4914  0.5682  0.2976  0.000041
epoch:19 0.4134  0.9310  0.2420  0.2425  0.4137  0.5122  0.0816  0.4437  0.4987  0.2846  0.5006  0.5545  0.2952  0.000041
epoch:20 0.4082  0.9308  0.2451  0.2349  0.4103  0.4835  0.0844  0.4354  0.4926  0.2385  0.4960  0.5182  0.2968  0.000012
epoch:21 0.4037  0.9300  0.2275  0.2283  0.4045  0.5119  0.0830  0.4314  0.4872  0.2308  0.4896  0.5500  0.2929  0.000012
epoch:22 0.4139  0.9345  0.2576  0.2158  0.4143  0.5497  0.0871  0.4356  0.4925  0.2154  0.4945  0.5818  0.2926  0.000012
epoch:23 0.4108  0.9204  0.2484  0.2038  0.4135  0.4835  0.0847  0.4340  0.4934  0.2462  0.4965  0.5273  0.2921  0.000004
epoch:24 0.4067  0.9289  0.2342  0.2772  0.4068  0.5233  0.0841  0.4357  0.4895  0.2769  0.4911  0.5545  0.2940  0.000004
