epoch:0 0.0000  0.0000  0.0000  0.0000  0.0000  0.0000  0.0000  0.0000  0.0000  0.0000  0.0000  0.0000  45.5332  0.005000
epoch:1 0.0000  0.0000  0.0000  0.0000  0.0000  0.0000  0.0000  0.0000  0.0000  0.0000  0.0000  0.0000  1.0696  0.005000
epoch:2 0.0000  0.0000  0.0000  0.0000  0.0000  0.0000  0.0000  0.0000  0.0000  0.0000  0.0000  0.0000  1.7305  0.005000
epoch:3 0.0001  0.0004  0.0000  0.0000  0.0001  0.0023  0.0000  0.0014  0.0065  0.0000  0.0037  0.0227  0.2105  0.005000
epoch:4 0.0002  0.0011  0.0002  0.0000  0.0006  0.0253  0.0094  0.0196  0.0196  0.0000  0.0073  0.0864  0.1141  0.005000
epoch:5 0.0002  0.0011  0.0002  0.0000  0.0006  0.0253  0.0094  0.0196  0.0196  0.0000  0.0073  0.0864  2.3869  0.005000
epoch:6 0.0000  0.0001  0.0000  0.0000  0.0000  0.0000  0.0000  0.0051  0.0130  0.0000  0.0165  0.0000  0.2102  0.005000
epoch:7 0.0011  0.0054  0.0000  0.0000  0.0026  0.0004  0.0000  0.0058  0.1377  0.0143  0.1661  0.0364  2.6514  0.005000
epoch:8 0.0000  0.0000  0.0000  0.0000  0.0000  0.0000  0.0000  0.0000  0.0000  0.0000  0.0000  0.0000  0.1394  0.000500
epoch:9 0.0004  0.0026  0.0000  0.0000  0.0005  0.0083  0.0000  0.0138  0.0725  0.0000  0.0899  0.0091  0.1372  0.000500
epoch:10 0.0015  0.0073  0.0001  0.0000  0.0013  0.0779  0.0007  0.0181  0.1138  0.0000  0.1183  0.1273  0.1359  0.000050
epoch:11 0.0026  0.0107  0.0002  0.0000  0.0027  0.0961  0.0080  0.0413  0.1529  0.0000  0.1560  0.1864  0.1426  0.000050
epoch:12 0.0029  0.0115  0.0005  0.0000  0.0033  0.1032  0.0167  0.0514  0.1464  0.0000  0.1569  0.1409  0.1405  0.000050
epoch:13 0.0032  0.0134  0.0003  0.0000  0.0040  0.0666  0.0152  0.0449  0.1326  0.0000  0.1450  0.1136  0.1860  0.000050
epoch:14 0.0027  0.0119  0.0001  0.0000  0.0037  0.0530  0.0145  0.0297  0.1297  0.0000  0.1431  0.1045  0.2080  0.000050
epoch:15 0.0062  0.0214  0.0004  0.0000  0.0075  0.0604  0.0188  0.0442  0.1449  0.0000  0.1615  0.1091  0.2210  0.000005
epoch:16 0.0065  0.0212  0.0011  0.0000  0.0085  0.0606  0.0188  0.0478  0.1435  0.0000  0.1596  0.1091  0.1345  0.000005
epoch:17 0.0094  0.0299  0.0004  0.0000  0.0110  0.0642  0.0181  0.0399  0.1413  0.0000  0.1560  0.1136  0.1357  0.000005
epoch:18 0.0082  0.0309  0.0007  0.0000  0.0096  0.0597  0.0181  0.0486  0.1413  0.0000  0.1560  0.1136  0.1371  0.000005
epoch:19 0.0068  0.0217  0.0016  0.0000  0.0091  0.0602  0.0246  0.0558  0.1493  0.0000  0.1651  0.1182  0.1358  0.000001
epoch:20 0.0082  0.0304  0.0007  0.0000  0.0094  0.0633  0.0181  0.0435  0.1377  0.0000  0.1523  0.1091  0.2297  0.000001
epoch:21 0.0082  0.0303  0.0007  0.0000  0.0094  0.0601  0.0181  0.0435  0.1341  0.0000  0.1477  0.1091  0.1360  0.000001
epoch:22 0.0056  0.0225  0.0003  0.0000  0.0074  0.0666  0.0181  0.0406  0.1341  0.0000  0.1459  0.1182  0.2337  0.000000
epoch:23 0.0070  0.0228  0.0015  0.0000  0.0090  0.0651  0.0217  0.0522  0.1420  0.0000  0.1578  0.1091  0.1394  0.000000
epoch:24 0.0067  0.0231  0.0006  0.0000  0.0080  0.0606  0.0181  0.0428  0.1399  0.0000  0.1550  0.1091  0.2149  0.000000
