epoch:0 0.0000  0.0000  0.0000  -1.0000  0.0000  0.0000  0.0000  0.0000  0.0000  -1.0000  0.0000  0.0000  0.6723  0.005000
epoch:1 0.0000  0.0000  0.0000  -1.0000  0.0000  0.0000  0.0000  0.0000  0.0000  -1.0000  0.0000  0.0000  0.2423  0.005000
epoch:2 0.0012  0.0060  0.0001  -1.0000  0.0006  0.0330  0.0000  0.0571  0.1250  -1.0000  0.0818  0.1529  0.1809  0.005000
epoch:3 0.0904  0.3041  0.0365  -1.0000  0.1425  0.1325  0.1571  0.2714  0.2857  -1.0000  0.2545  0.3059  0.1007  0.005000
epoch:4 0.0462  0.1702  0.0040  -1.0000  0.0511  0.1120  0.1107  0.2429  0.2464  -1.0000  0.2182  0.2647  0.1039  0.005000
epoch:5 0.1414  0.4349  0.0239  -1.0000  0.1830  0.1545  0.2500  0.3786  0.3786  -1.0000  0.3818  0.3765  0.0921  0.005000
epoch:6 0.1883  0.6517  0.0974  -1.0000  0.1483  0.2456  0.2750  0.3893  0.3893  -1.0000  0.2727  0.4647  0.1016  0.005000
epoch:7 0.2189  0.7794  0.0326  -1.0000  0.1494  0.3039  0.2929  0.3964  0.3964  -1.0000  0.3455  0.4294  0.0850  0.005000
epoch:8 0.2786  0.7818  0.2012  -1.0000  0.2454  0.3393  0.3607  0.4571  0.4571  -1.0000  0.4455  0.4647  0.0784  0.001650
epoch:9 0.2663  0.6984  0.0895  -1.0000  0.2144  0.3256  0.3571  0.4429  0.4429  -1.0000  0.4182  0.4588  0.0779  0.001650
epoch:10 0.3600  0.9262  0.2121  -1.0000  0.3502  0.3906  0.4250  0.4929  0.4929  -1.0000  0.4364  0.5294  0.0755  0.001650
epoch:11 0.3135  0.7758  0.1790  -1.0000  0.2738  0.3521  0.3821  0.4536  0.4536  -1.0000  0.4364  0.4647  0.0682  0.000545
epoch:12 0.3468  0.8015  0.1684  -1.0000  0.3064  0.3836  0.4179  0.4929  0.4929  -1.0000  0.4455  0.5235  0.0728  0.000545
epoch:13 0.2649  0.7481  0.0976  -1.0000  0.2547  0.2930  0.3536  0.4464  0.4464  -1.0000  0.4455  0.4471  0.0715  0.000545
epoch:14 0.3484  0.8732  0.1232  -1.0000  0.3446  0.3615  0.4143  0.4786  0.4786  -1.0000  0.4455  0.5000  0.0663  0.000180
