epoch:0 0.0000  0.0003  0.0000  0.0000  0.0001  0.0000  0.0000  0.0005  0.0119  0.0000  0.0128  0.0000  0.5141  0.005000
epoch:1 0.0003  0.0014  0.0000  0.0001  0.0004  0.0000  0.0019  0.0054  0.0190  0.0095  0.0201  0.0000  0.2991  0.005000
epoch:2 0.0027  0.0126  0.0003  0.0002  0.0032  0.0364  0.0047  0.0243  0.0655  0.0238  0.0684  0.0409  0.2976  0.005000
epoch:3 0.0125  0.0566  0.0003  0.0000  0.0127  0.0539  0.0132  0.0487  0.0703  0.0000  0.0740  0.0727  0.3062  0.005000
epoch:4 0.0103  0.0537  0.0001  0.0087  0.0107  0.0308  0.0131  0.0487  0.1186  0.0119  0.1256  0.0682  0.2990  0.005000
epoch:5 0.0952  0.3558  0.0102  0.0000  0.0988  0.2011  0.0382  0.1608  0.2687  0.0000  0.2801  0.3727  0.3247  0.005000
epoch:6 0.1760  0.5623  0.0242  0.0083  0.1846  0.2901  0.0493  0.2364  0.3468  0.0476  0.3595  0.4591  0.3431  0.005000
epoch:7 0.2174  0.7491  0.0259  0.0202  0.2254  0.2911  0.0472  0.2716  0.3553  0.0905  0.3689  0.3727  0.3550  0.005000
epoch:8 0.3295  0.8624  0.1183  0.0407  0.3410  0.4449  0.0733  0.3666  0.4259  0.1000  0.4417  0.4773  0.3293  0.003300
epoch:9 0.3481  0.8439  0.1917  0.0461  0.3593  0.4763  0.0716  0.3818  0.4520  0.1214  0.4676  0.5136  0.3179  0.003300
epoch:10 0.3284  0.8632  0.1025  0.0209  0.3433  0.3227  0.0634  0.3619  0.4310  0.1762  0.4461  0.3909  0.3096  0.003300
epoch:11 0.3454  0.8710  0.1618  0.1222  0.3558  0.4566  0.0744  0.3745  0.4395  0.1833  0.4514  0.5045  0.2969  0.002178
epoch:12 0.3255  0.8602  0.1146  0.0972  0.3348  0.4289  0.0667  0.3634  0.4220  0.1429  0.4360  0.4500  0.3004  0.002178
epoch:13 0.3711  0.8711  0.1968  0.0277  0.3821  0.4897  0.0743  0.4004  0.4691  0.1905  0.4820  0.5364  0.2937  0.002178
epoch:14 0.3848  0.8793  0.2303  0.0848  0.3952  0.5341  0.0760  0.4078  0.4739  0.1595  0.4873  0.6000  0.2941  0.001437
epoch:15 0.3851  0.8943  0.2124  0.0486  0.3987  0.4512  0.0752  0.4078  0.4733  0.1690  0.4890  0.4955  0.2795  0.001437
epoch:16 0.3690  0.8926  0.1610  0.0796  0.3813  0.4196  0.0735  0.4008  0.4625  0.1762  0.4782  0.4364  0.2797  0.001437
epoch:17 0.3866  0.8897  0.2368  0.0859  0.3977  0.4972  0.0798  0.4129  0.4729  0.1405  0.4889  0.5409  0.2789  0.000949
epoch:18 0.3953  0.8876  0.2582  0.0771  0.4062  0.5428  0.0783  0.4232  0.4855  0.1190  0.5025  0.5818  0.2761  0.000949
epoch:19 0.3947  0.8855  0.2422  0.0554  0.4097  0.4764  0.0756  0.4220  0.4855  0.1405  0.5026  0.5318  0.2665  0.000949
epoch:20 0.4106  0.9081  0.2864  0.0588  0.4237  0.5062  0.0836  0.4310  0.5012  0.1571  0.5177  0.5636  0.2624  0.000626
epoch:21 0.4061  0.8957  0.2501  0.0702  0.4186  0.4774  0.0787  0.4301  0.4983  0.1857  0.5141  0.5273  0.2646  0.000626
epoch:22 0.4071  0.9045  0.2520  0.0553  0.4196  0.5154  0.0810  0.4292  0.4949  0.1571  0.5106  0.5727  0.2615  0.000626
epoch:23 0.4047  0.8900  0.2771  0.0486  0.4191  0.4891  0.0799  0.4281  0.4951  0.1476  0.5117  0.5545  0.2578  0.000413
epoch:24 0.4033  0.8843  0.2492  0.0576  0.4155  0.5370  0.0786  0.4268  0.4966  0.1524  0.5130  0.5727  0.2570  0.000413
