epoch:0 0.0000  0.0000  0.0000  0.0000  0.0000  0.0000  0.0000  0.0000  0.0000  0.0000  0.0000  0.0000  0.4884  0.009000
epoch:1 0.0000  0.0000  0.0000  0.0000  0.0000  0.0000  0.0000  0.0000  0.0000  0.0000  0.0000  0.0000  0.2002  0.009000
epoch:2 0.0000  0.0000  0.0000  0.0000  0.0000  0.0000  0.0000  0.0000  0.0000  0.0000  0.0000  0.0000  0.1981  0.009000
epoch:3 0.0000  0.0000  0.0000  0.0000  0.0000  0.0000  0.0000  0.0000  0.0000  0.0000  0.0000  0.0000  0.2033  0.009000
epoch:4 0.0000  0.0000  0.0000  0.0000  0.0000  0.0000  0.0000  0.0000  0.0000  0.0000  0.0000  0.0000  0.2050  0.009000
epoch:5 0.0000  0.0000  0.0000  0.0000  0.0000  0.0000  0.0000  0.0000  0.0000  0.0000  0.0000  0.0000  0.2048  0.009000
epoch:6 0.0000  0.0000  0.0000  0.0000  0.0000  0.0000  0.0000  0.0000  0.0000  0.0000  0.0000  0.0000  0.2299  0.009000
epoch:7 0.0000  0.0000  0.0000  0.0000  0.0000  0.0000  0.0000  0.0000  0.0000  0.0000  0.0000  0.0000  0.2412  0.009000
epoch:8 0.0001  0.0004  0.0000  0.0000  0.0000  0.0176  0.0000  0.0027  0.0081  0.0000  0.0063  0.0320  0.2553  0.002700
epoch:9 0.0002  0.0009  0.0001  0.0000  0.0001  0.0127  0.0027  0.0109  0.0244  0.0000  0.0150  0.1200  0.2538  0.002700
epoch:10 0.0014  0.0031  0.0000  0.0000  0.0001  0.0355  0.0023  0.0086  0.0186  0.0000  0.0050  0.1320  0.2536  0.002700
epoch:11 0.0010  0.0024  0.0001  0.0000  0.0001  0.0285  0.0000  0.0145  0.0308  0.0000  0.0194  0.1480  0.2605  0.000810
epoch:12 0.0009  0.0029  0.0001  0.0000  0.0000  0.0249  0.0032  0.0068  0.0294  0.0000  0.0125  0.1800  0.2592  0.000810
epoch:13 0.0011  0.0054  0.0001  0.0000  0.0003  0.0224  0.0063  0.0109  0.0403  0.0000  0.0181  0.2400  0.2646  0.000810
epoch:14 0.0005  0.0025  0.0000  0.0000  0.0001  0.0141  0.0009  0.0081  0.0290  0.0000  0.0150  0.1600  0.2627  0.000243
epoch:15 0.0035  0.0168  0.0000  0.0000  0.0003  0.0342  0.0059  0.0136  0.0398  0.0028  0.0238  0.1960  0.2612  0.000243
epoch:16 0.0008  0.0026  0.0002  0.0000  0.0002  0.0180  0.0023  0.0145  0.0403  0.0000  0.0281  0.1760  0.2618  0.000243
epoch:17 0.0009  0.0054  0.0000  0.0000  0.0001  0.0197  0.0032  0.0145  0.0299  0.0000  0.0175  0.1520  0.2604  0.000073
epoch:18 0.0013  0.0035  0.0003  0.0000  0.0002  0.0290  0.0063  0.0186  0.0380  0.0028  0.0175  0.2200  0.2597  0.000073
epoch:19 0.0026  0.0120  0.0002  0.0000  0.0001  0.0305  0.0068  0.0140  0.0330  0.0000  0.0144  0.2000  0.2583  0.000073
epoch:20 0.0007  0.0047  0.0001  0.0000  0.0001  0.0158  0.0027  0.0109  0.0303  0.0000  0.0163  0.1640  0.2618  0.000022
epoch:21 0.0012  0.0037  0.0000  0.0000  0.0001  0.0363  0.0045  0.0149  0.0303  0.0000  0.0138  0.1800  0.2631  0.000022
epoch:22 0.0010  0.0071  0.0000  0.0000  0.0001  0.0197  0.0023  0.0113  0.0303  0.0000  0.0156  0.1680  0.2610  0.000022
epoch:23 0.0014  0.0050  0.0001  0.0000  0.0003  0.0281  0.0045  0.0199  0.0357  0.0000  0.0206  0.1840  0.2590  0.000007
epoch:24 0.0018  0.0058  0.0004  0.0000  0.0004  0.0298  0.0095  0.0172  0.0376  0.0028  0.0250  0.1680  0.2656  0.000007
epoch:25 0.0022  0.0073  0.0002  0.0000  0.0001  0.0261  0.0036  0.0181  0.0398  0.0028  0.0206  0.2160  0.2629  0.000007
epoch:26 0.0008  0.0039  0.0000  0.0000  0.0001  0.0190  0.0027  0.0113  0.0403  0.0000  0.0238  0.2040  0.2593  0.000002
epoch:27 0.0024  0.0067  0.0000  0.0000  0.0001  0.0369  0.0059  0.0136  0.0348  0.0056  0.0156  0.2000  0.2621  0.000002
epoch:28 0.0015  0.0052  0.0001  0.0000  0.0003  0.0226  0.0059  0.0145  0.0303  0.0028  0.0138  0.1760  0.2623  0.000002
epoch:29 0.0016  0.0062  0.0001  0.0000  0.0005  0.0276  0.0050  0.0154  0.0303  0.0000  0.0156  0.1680  0.2620  0.000001
epoch:30 0.0025  0.0123  0.0000  0.0000  0.0001  0.0261  0.0032  0.0113  0.0235  0.0000  0.0106  0.1400  0.2627  0.000001
epoch:31 0.0008  0.0039  0.0000  0.0000  0.0001  0.0166  0.0014  0.0145  0.0271  0.0000  0.0163  0.1360  0.2582  0.000001
epoch:32 0.0011  0.0048  0.0000  0.0000  0.0002  0.0217  0.0041  0.0122  0.0321  0.0000  0.0175  0.1720  0.2599  0.000000
epoch:33 0.0032  0.0116  0.0002  0.0000  0.0001  0.0331  0.0032  0.0127  0.0294  0.0000  0.0131  0.1760  0.2636  0.000000
epoch:34 0.0012  0.0062  0.0000  0.0000  0.0001  0.0160  0.0036  0.0095  0.0326  0.0000  0.0206  0.1560  0.2642  0.000000
