epoch:0 0.0001  0.0008  0.0000  0.0000  0.0001  0.0000  0.0000  0.0028  0.0214  0.0000  0.0231  0.0000  0.5321  0.005000
epoch:1 0.0003  0.0008  0.0000  0.0019  0.0003  0.0000  0.0010  0.0010  0.0010  0.0132  0.0004  0.0000  0.3080  0.005000
epoch:2 0.0036  0.0167  0.0007  0.0000  0.0040  0.0238  0.0047  0.0213  0.0582  0.0000  0.0619  0.0273  0.3143  0.005000
epoch:3 0.0055  0.0246  0.0001  0.0000  0.0055  0.0345  0.0068  0.0291  0.0643  0.0000  0.0670  0.0773  0.3129  0.001650
epoch:4 0.0076  0.0319  0.0002  0.0030  0.0077  0.0334  0.0097  0.0323  0.0515  0.0026  0.0539  0.0500  0.3117  0.001650
epoch:5 0.0589  0.2352  0.0042  0.0000  0.0609  0.1296  0.0299  0.1255  0.2516  0.0000  0.2637  0.2500  0.3291  0.005000
epoch:6 0.1224  0.4862  0.0070  0.0030  0.1265  0.2132  0.0346  0.1846  0.2835  0.0026  0.2939  0.3864  0.3395  0.005000
epoch:7 0.2377  0.7191  0.0560  0.0116  0.2465  0.3250  0.0539  0.2879  0.3836  0.0711  0.3982  0.4000  0.3441  0.005000
epoch:8 0.2743  0.7975  0.0635  0.0132  0.2820  0.4220  0.0629  0.3206  0.3911  0.1053  0.4026  0.4727  0.3296  0.001700
epoch:9 0.2850  0.7920  0.1112  0.0503  0.2901  0.4648  0.0657  0.3383  0.4057  0.1684  0.4133  0.5318  0.3282  0.001700
epoch:10 0.3245  0.8450  0.1629  0.0825  0.3289  0.5223  0.0716  0.3644  0.4392  0.1947  0.4473  0.5545  0.3186  0.001700
epoch:11 0.3769  0.8771  0.2052  0.0476  0.3874  0.4782  0.0802  0.4069  0.4655  0.1526  0.4789  0.5136  0.3053  0.000578
epoch:12 0.3681  0.8684  0.1990  0.0814  0.3772  0.4983  0.0737  0.4002  0.4631  0.1789  0.4742  0.5409  0.3012  0.000578
epoch:13 0.3743  0.8733  0.1999  0.0383  0.3834  0.4899  0.0776  0.4083  0.4696  0.1658  0.4821  0.5318  0.3029  0.000578
epoch:14 0.3766  0.8864  0.1956  0.0888  0.3872  0.4790  0.0770  0.4078  0.4668  0.1474  0.4805  0.5136  0.2972  0.000197
epoch:15 0.3889  0.8797  0.2259  0.0620  0.3992  0.4859  0.0778  0.4165  0.4816  0.1711  0.4950  0.5227  0.2903  0.000197
epoch:16 0.3886  0.8917  0.2024  0.0614  0.3966  0.5334  0.0790  0.4162  0.4737  0.1658  0.4854  0.5682  0.2887  0.000197
epoch:17 0.3941  0.8906  0.2186  0.0459  0.4040  0.5318  0.0808  0.4206  0.4822  0.1211  0.4968  0.5682  0.2887  0.000067
epoch:18 0.3887  0.8858  0.2046  0.0653  0.4019  0.4707  0.0798  0.4190  0.4796  0.1500  0.4945  0.5045  0.2943  0.000067
epoch:19 0.3943  0.8866  0.2253  0.0624  0.4039  0.5237  0.0807  0.4213  0.4825  0.1526  0.4959  0.5591  0.2928  0.000067
epoch:20 0.3876  0.8819  0.2153  0.0729  0.3977  0.5012  0.0804  0.4242  0.4820  0.1474  0.4960  0.5455  0.2897  0.000023
epoch:21 0.3848  0.8818  0.2102  0.0402  0.3964  0.4703  0.0772  0.4170  0.4782  0.1737  0.4914  0.5182  0.2909  0.000023
epoch:22 0.3941  0.8862  0.2368  0.0655  0.4048  0.4968  0.0804  0.4188  0.4817  0.1605  0.4954  0.5318  0.2929  0.000023
epoch:23 0.3847  0.8806  0.1945  0.0419  0.3954  0.4750  0.0777  0.4134  0.4752  0.1895  0.4874  0.5182  0.2883  0.000008
epoch:24 0.3877  0.8909  0.2232  0.0522  0.3975  0.5264  0.0793  0.4180  0.4770  0.1526  0.4899  0.5591  0.2907  0.000008
epoch:25 0.3892  0.8794  0.2204  0.0433  0.4005  0.4827  0.0783  0.4144  0.4778  0.1816  0.4902  0.5318  0.2879  0.000008
epoch:26 0.3870  0.8838  0.2288  0.0548  0.3981  0.5233  0.0818  0.4138  0.4733  0.1105  0.4879  0.5636  0.2914  0.000003
epoch:27 0.3906  0.8929  0.2221  0.0708  0.3996  0.5065  0.0814  0.4160  0.4786  0.1474  0.4927  0.5318  0.2920  0.000003
epoch:28 0.3943  0.8886  0.2234  0.0577  0.4039  0.5031  0.0796  0.4207  0.4807  0.1763  0.4932  0.5455  0.2919  0.000003
epoch:29 0.3866  0.8939  0.2057  0.0627  0.3970  0.4910  0.0772  0.4168  0.4747  0.1289  0.4894  0.5318  0.2906  0.000001
epoch:30 0.3886  0.8887  0.2182  0.0641  0.3988  0.4886  0.0802  0.4152  0.4750  0.1579  0.4885  0.5227  0.2881  0.000001
epoch:31 0.3827  0.8812  0.2052  0.0203  0.3962  0.4431  0.0764  0.4135  0.4710  0.1421  0.4860  0.4909  0.2930  0.000001
epoch:32 0.3916  0.8830  0.2248  0.0726  0.4016  0.5037  0.0807  0.4177  0.4782  0.1474  0.4921  0.5364  0.2920  0.000000
epoch:33 0.3854  0.8885  0.1967  0.0545  0.3958  0.4867  0.0792  0.4151  0.4754  0.1711  0.4883  0.5273  0.2922  0.000000
epoch:34 0.3860  0.8848  0.2152  0.0544  0.3978  0.4632  0.0804  0.4174  0.4745  0.1500  0.4892  0.4955  0.2893  0.000000
epoch:35 0.3862  0.8821  0.2072  0.0636  0.3970  0.5005  0.0807  0.4154  0.4765  0.1474  0.4903  0.5364  0.2923  0.000000
epoch:36 0.3936  0.8858  0.2100  0.0708  0.4046  0.4948  0.0807  0.4212  0.4823  0.1421  0.4969  0.5318  0.2881  0.000000
epoch:37 0.3911  0.8900  0.2231  0.0545  0.4005  0.5068  0.0786  0.4201  0.4795  0.1632  0.4924  0.5500  0.2900  0.000000
epoch:38 0.3887  0.8861  0.2083  0.0510  0.3994  0.4883  0.0766  0.4193  0.4778  0.1684  0.4909  0.5318  0.2897  0.000000
epoch:39 0.3892  0.8907  0.2211  0.0612  0.3994  0.4937  0.0775  0.4170  0.4787  0.1579  0.4924  0.5273  0.2863  0.000000
