epoch:0 0.0156  0.0733  0.0008  0.0161  0.0177  0.0414  0.0050  0.0577  0.2110  0.2184  0.1918  0.2287  1.1200  0.010010
epoch:1 0.0993  0.3539  0.0128  0.1207  0.0796  0.1176  0.0362  0.1863  0.2872  0.2886  0.2544  0.3394  0.9541  0.010010
epoch:2 0.1432  0.5048  0.0331  0.1783  0.0951  0.1762  0.0503  0.2231  0.3149  0.3297  0.2747  0.3532  0.8571  0.010010
epoch:3 0.1782  0.6018  0.0352  0.2006  0.1344  0.2136  0.0460  0.2556  0.3432  0.3568  0.3190  0.3574  0.7580  0.003303
epoch:4 0.1960  0.6198  0.0456  0.2165  0.1580  0.2491  0.0538  0.2705  0.3565  0.3632  0.3291  0.3894  0.7170  0.003303
epoch:5 0.1917  0.6132  0.0297  0.2056  0.1614  0.2349  0.0437  0.2691  0.3565  0.3627  0.3361  0.3787  0.6925  0.003303
epoch:6 0.2036  0.6296  0.0606  0.2196  0.1567  0.2612  0.0522  0.2698  0.3510  0.3578  0.3184  0.3926  0.6654  0.001090
epoch:7 0.2058  0.6419  0.0448  0.2182  0.1609  0.2630  0.0481  0.2757  0.3634  0.3681  0.3342  0.4032  0.6520  0.001090
epoch:8 0.2099  0.6386  0.0713  0.2253  0.1594  0.2835  0.0503  0.2833  0.3643  0.3741  0.3297  0.4032  0.6401  0.001090
epoch:9 0.2139  0.6427  0.0613  0.2271  0.1729  0.2686  0.0531  0.2966  0.3728  0.3714  0.3589  0.3989  0.6338  0.000360
epoch:10 0.2115  0.6485  0.0650  0.2224  0.1651  0.2787  0.0524  0.2888  0.3629  0.3643  0.3342  0.4085  0.6126  0.000360
epoch:11 0.2141  0.6495  0.0684  0.2218  0.1677  0.2823  0.0542  0.2842  0.3659  0.3692  0.3329  0.4149  0.6240  0.000360
epoch:12 0.2112  0.6501  0.0608  0.2212  0.1641  0.2776  0.0554  0.2856  0.3668  0.3697  0.3418  0.4032  0.6238  0.000119
epoch:13 0.2133  0.6500  0.0632  0.2221  0.1631  0.2818  0.0535  0.2835  0.3691  0.3773  0.3373  0.4064  0.6272  0.000119
epoch:14 0.2104  0.6518  0.0592  0.2172  0.1623  0.2827  0.0526  0.2822  0.3661  0.3681  0.3405  0.4053  0.6082  0.000119
