epoch:0 0.0000  0.0000  0.0000  -1.0000  0.0000  0.0000  0.0000  0.0000  0.0000  -1.0000  0.0000  0.0000  0.7535  0.005000
epoch:1 0.0000  0.0000  0.0000  -1.0000  0.0000  0.0000  0.0000  0.0000  0.0000  -1.0000  0.0000  0.0000  0.1524  0.005000
epoch:2 0.0000  0.0000  0.0000  -1.0000  0.0000  0.0000  0.0000  0.0000  0.0000  -1.0000  0.0000  0.0000  0.1404  0.005000
epoch:3 0.0000  0.0000  0.0000  -1.0000  0.0000  0.0000  0.0000  0.0000  0.0000  -1.0000  0.0000  0.0000  0.1196  0.005000
epoch:4 0.0000  0.0000  0.0000  -1.0000  0.0000  0.0000  0.0000  0.0000  0.0000  -1.0000  0.0000  0.0000  0.1345  0.005000
epoch:5 0.0000  0.0000  0.0000  -1.0000  0.0000  0.0000  0.0000  0.0000  0.0000  -1.0000  0.0000  0.0000  0.1297  0.005000
epoch:6 0.0000  0.0000  0.0000  -1.0000  0.0000  0.0000  0.0000  0.0000  0.0000  -1.0000  0.0000  0.0000  0.1448  0.005000
epoch:7 0.0000  0.0000  0.0000  -1.0000  0.0000  0.0000  0.0000  0.0000  0.0000  -1.0000  0.0000  0.0000  0.1443  0.005000
epoch:8 0.0000  0.0000  0.0000  -1.0000  0.0000  0.0000  0.0000  0.0000  0.0000  -1.0000  0.0000  0.0000  0.1597  0.001650
epoch:9 0.0000  0.0000  0.0000  -1.0000  0.0000  0.0000  0.0000  0.0000  0.0000  -1.0000  0.0000  0.0000  0.1611  0.001650
epoch:10 0.0000  0.0000  0.0000  -1.0000  0.0000  0.0000  0.0000  0.0000  0.0000  -1.0000  0.0000  0.0000  0.1625  0.001650
epoch:11 0.0455  0.1386  0.0099  -1.0000  0.0472  0.0475  0.0533  0.0533  0.0533  -1.0000  0.0700  0.0450  0.1601  0.000545
epoch:12 0.0396  0.1089  0.0000  -1.0000  0.0436  0.0386  0.0367  0.0367  0.0367  -1.0000  0.0400  0.0350  0.1616  0.000545
epoch:13 0.0730  0.2773  0.0000  -1.0000  0.0880  0.0713  0.0933  0.1167  0.1167  -1.0000  0.1500  0.1000  0.1628  0.000545
epoch:14 0.1214  0.2965  0.0198  -1.0000  0.1815  0.1013  0.1367  0.1467  0.1467  -1.0000  0.2000  0.1200  0.1604  0.000180
epoch:15 0.1081  0.2809  0.0297  -1.0000  0.1944  0.0812  0.1467  0.1467  0.1467  -1.0000  0.2700  0.0850  0.1612  0.000180
epoch:16 0.0869  0.2301  0.0099  -1.0000  0.0643  0.1084  0.1200  0.1533  0.1533  -1.0000  0.1100  0.1750  0.1578  0.000180
epoch:17 0.1074  0.2863  0.0273  -1.0000  0.1471  0.1043  0.1600  0.1900  0.1900  -1.0000  0.2400  0.1650  0.1595  0.000059
epoch:18 0.1009  0.2540  0.0594  -1.0000  0.1115  0.1077  0.1367  0.1700  0.1700  -1.0000  0.2000  0.1550  0.1577  0.000059
epoch:19 0.1264  0.3158  0.0231  -1.0000  0.1292  0.1322  0.1300  0.1633  0.1633  -1.0000  0.1500  0.1700  0.1609  0.000059
epoch:20 0.1033  0.2911  0.0408  -1.0000  0.1262  0.1049  0.1333  0.1400  0.1400  -1.0000  0.1700  0.1250  0.1622  0.000020
epoch:21 0.0854  0.2408  0.0481  -1.0000  0.0705  0.1018  0.1100  0.1167  0.1167  -1.0000  0.1300  0.1100  0.1535  0.000020
epoch:22 0.1015  0.2853  0.0126  -1.0000  0.1459  0.0969  0.1167  0.1500  0.1500  -1.0000  0.1600  0.1450  0.1615  0.000020
epoch:23 0.1205  0.2672  0.1001  -1.0000  0.1135  0.1319  0.1367  0.1833  0.1833  -1.0000  0.1900  0.1800  0.1542  0.000006
epoch:24 0.0898  0.2897  0.0107  -1.0000  0.0958  0.1082  0.1367  0.1433  0.1433  -1.0000  0.2000  0.1150  0.1606  0.000006
