epoch:0 0.0000  0.0000  0.0000  -1.0000  0.0000  0.0000  0.0000  0.0000  0.0000  -1.0000  0.0000  0.0000  0.6894  0.005000
epoch:1 0.0000  0.0000  0.0000  -1.0000  0.0000  0.0000  0.0000  0.0000  0.0000  -1.0000  0.0000  0.0000  0.2271  0.005000
epoch:2 0.0000  0.0000  0.0000  -1.0000  0.0000  0.0000  0.0000  0.0000  0.0000  -1.0000  0.0000  0.0000  0.1699  0.005000
epoch:3 0.0362  0.1840  0.0018  -1.0000  0.0091  0.0723  0.1033  0.1500  0.1633  -1.0000  0.0400  0.2250  0.1081  0.005000
epoch:4 0.1245  0.3731  0.1079  -1.0000  0.1536  0.1721  0.2333  0.2833  0.2833  -1.0000  0.2100  0.3200  0.0908  0.005000
epoch:5 0.1285  0.4304  0.0010  -1.0000  0.0698  0.2394  0.2033  0.3667  0.3667  -1.0000  0.3100  0.3950  0.0942  0.005000
epoch:6 0.2482  0.7102  0.0428  -1.0000  0.1438  0.3253  0.3800  0.4100  0.4100  -1.0000  0.3400  0.4450  0.1020  0.005000
epoch:7 0.2623  0.7253  0.0619  -1.0000  0.1397  0.3638  0.3500  0.4000  0.4000  -1.0000  0.3100  0.4450  0.0822  0.005000
epoch:8 0.2832  0.7361  0.0779  -1.0000  0.2013  0.3621  0.3700  0.4400  0.4400  -1.0000  0.4200  0.4500  0.0795  0.001650
epoch:9 0.3946  0.8610  0.1919  -1.0000  0.2237  0.4868  0.4800  0.5067  0.5067  -1.0000  0.4100  0.5550  0.0694  0.001650
epoch:10 0.3349  0.8178  0.1265  -1.0000  0.1531  0.4568  0.4233  0.4633  0.4633  -1.0000  0.3700  0.5100  0.0696  0.001650
epoch:11 0.4123  0.8691  0.2152  -1.0000  0.2656  0.4915  0.4633  0.5033  0.5033  -1.0000  0.4100  0.5500  0.0712  0.000545
epoch:12 0.4047  0.8799  0.2110  -1.0000  0.2885  0.4629  0.4633  0.4767  0.4767  -1.0000  0.3800  0.5250  0.0647  0.000545
epoch:13 0.4045  0.8980  0.1753  -1.0000  0.2826  0.4612  0.4767  0.4867  0.4867  -1.0000  0.4000  0.5300  0.0635  0.000545
epoch:14 0.4150  0.8780  0.2290  -1.0000  0.2713  0.4842  0.4733  0.4933  0.4933  -1.0000  0.3900  0.5450  0.0656  0.000180
epoch:15 0.4177  0.8579  0.2753  -1.0000  0.2616  0.5006  0.4800  0.5133  0.5133  -1.0000  0.4100  0.5650  0.0640  0.000180
epoch:16 0.4068  0.8633  0.2405  -1.0000  0.2294  0.5059  0.4467  0.5067  0.5067  -1.0000  0.3700  0.5750  0.0656  0.000180
epoch:17 0.4269  0.8627  0.2949  -1.0000  0.2424  0.5291  0.4833  0.5100  0.5100  -1.0000  0.3600  0.5850  0.0615  0.000059
epoch:18 0.4203  0.8639  0.3114  -1.0000  0.2759  0.5016  0.4967  0.5200  0.5200  -1.0000  0.4300  0.5650  0.0635  0.000059
epoch:19 0.4245  0.8665  0.3738  -1.0000  0.2820  0.4997  0.4933  0.5233  0.5233  -1.0000  0.4400  0.5650  0.0617  0.000059
epoch:20 0.4071  0.8474  0.2466  -1.0000  0.2287  0.5116  0.4767  0.5100  0.5100  -1.0000  0.3900  0.5700  0.0618  0.000020
epoch:21 0.3939  0.8184  0.2478  -1.0000  0.2178  0.5086  0.4567  0.5067  0.5067  -1.0000  0.3600  0.5800  0.0647  0.000020
epoch:22 0.4177  0.8595  0.3317  -1.0000  0.2539  0.5164  0.4867  0.5233  0.5233  -1.0000  0.4200  0.5750  0.0646  0.000020
epoch:23 0.4252  0.8676  0.3113  -1.0000  0.2692  0.5170  0.5000  0.5200  0.5200  -1.0000  0.4000  0.5800  0.0606  0.000006
epoch:24 0.4233  0.8793  0.3178  -1.0000  0.2583  0.5215  0.4800  0.5167  0.5167  -1.0000  0.3900  0.5800  0.0667  0.000006
