epoch:0 0.0000  0.0000  0.0000  -1.0000  0.0000  0.0000  0.0000  0.0000  0.0000  -1.0000  0.0000  0.0000  0.4579  0.005000
epoch:1 0.0000  0.0003  0.0000  -1.0000  0.0001  0.0002  0.0000  0.0010  0.0192  -1.0000  0.0229  0.0157  0.1691  0.005000
epoch:2 0.0073  0.0201  0.0037  -1.0000  0.0002  0.0150  0.0283  0.0465  0.0616  -1.0000  0.0167  0.1039  0.1615  0.005000
epoch:3 0.0117  0.0375  0.0063  -1.0000  0.0002  0.0225  0.0495  0.0636  0.0747  -1.0000  0.0104  0.1353  0.1601  0.005000
epoch:4 0.0107  0.0356  0.0040  -1.0000  0.0000  0.0219  0.0515  0.0818  0.0818  -1.0000  0.0000  0.1588  0.1577  0.005000
epoch:5 0.0170  0.0608  0.0033  -1.0000  0.0000  0.0327  0.0687  0.1000  0.1020  -1.0000  0.0042  0.1941  0.1571  0.005000
epoch:6 0.0274  0.0726  0.0141  -1.0000  0.0001  0.0543  0.0818  0.1283  0.1414  -1.0000  0.0187  0.2569  0.1581  0.005000
epoch:7 0.0327  0.0796  0.0146  -1.0000  0.0001  0.0692  0.1051  0.1586  0.1879  -1.0000  0.0104  0.3549  0.1529  0.005000
epoch:8 0.0295  0.0820  0.0150  -1.0000  0.0001  0.0555  0.0909  0.1273  0.1283  -1.0000  0.0021  0.2471  0.1514  0.001650
epoch:9 0.0299  0.0771  0.0141  -1.0000  0.0001  0.0575  0.1051  0.1394  0.1414  -1.0000  0.0063  0.2686  0.1473  0.001650
epoch:10 0.0352  0.0856  0.0259  -1.0000  0.0000  0.0704  0.1152  0.1374  0.1495  -1.0000  0.0083  0.2824  0.1472  0.001650
epoch:11 0.0374  0.0831  0.0154  -1.0000  0.0001  0.0733  0.1192  0.1485  0.1596  -1.0000  0.0104  0.3000  0.1431  0.000545
epoch:12 0.0380  0.0814  0.0200  -1.0000  0.0000  0.0751  0.1232  0.1444  0.1616  -1.0000  0.0000  0.3137  0.1427  0.000545
epoch:13 0.0394  0.0811  0.0249  -1.0000  0.0000  0.0796  0.1273  0.1626  0.1697  -1.0000  0.0021  0.3275  0.1445  0.000545
epoch:14 0.0411  0.0865  0.0180  -1.0000  0.0000  0.0796  0.1131  0.1475  0.1535  -1.0000  0.0000  0.2980  0.1420  0.000180
epoch:15 0.0431  0.0853  0.0285  -1.0000  0.0000  0.0850  0.1323  0.1586  0.1697  -1.0000  0.0000  0.3294  0.1436  0.000180
epoch:16 0.0434  0.0876  0.0307  -1.0000  0.0003  0.0837  0.1283  0.1606  0.1727  -1.0000  0.0042  0.3314  0.1392  0.000180
epoch:17 0.0373  0.0822  0.0201  -1.0000  0.0000  0.0717  0.1141  0.1364  0.1505  -1.0000  0.0000  0.2922  0.1430  0.000059
epoch:18 0.0418  0.0925  0.0237  -1.0000  0.0000  0.0821  0.1273  0.1566  0.1596  -1.0000  0.0021  0.3078  0.1410  0.000059
epoch:19 0.0372  0.0796  0.0204  -1.0000  0.0000  0.0733  0.1101  0.1343  0.1505  -1.0000  0.0000  0.2922  0.1423  0.000059
epoch:20 0.0452  0.0889  0.0347  -1.0000  0.0003  0.0871  0.1303  0.1545  0.1657  -1.0000  0.0063  0.3157  0.1391  0.000020
epoch:21 0.0395  0.0791  0.0282  -1.0000  0.0001  0.0780  0.1242  0.1545  0.1657  -1.0000  0.0042  0.3176  0.1403  0.000020
epoch:22 0.0414  0.0872  0.0293  -1.0000  0.0003  0.0799  0.1293  0.1545  0.1626  -1.0000  0.0042  0.3118  0.1421  0.000020
epoch:23 0.0400  0.0778  0.0309  -1.0000  0.0000  0.0791  0.1222  0.1515  0.1556  -1.0000  0.0021  0.3000  0.1394  0.000006
epoch:24 0.0435  0.0848  0.0385  -1.0000  0.0003  0.0835  0.1263  0.1566  0.1667  -1.0000  0.0083  0.3157  0.1428  0.000006
