epoch:0 0.0000  0.0000  0.0000  -1.0000  -1.0000  0.0000  0.0000  0.0000  0.0000  -1.0000  -1.0000  0.0000  0.7048  0.005000
epoch:1 0.0000  0.0000  0.0000  -1.0000  -1.0000  0.0000  0.0000  0.0000  0.0000  -1.0000  -1.0000  0.0000  0.2760  0.005000
epoch:2 0.0000  0.0000  0.0000  -1.0000  -1.0000  0.0000  0.0000  0.0000  0.0000  -1.0000  -1.0000  0.0000  0.2553  0.005000
epoch:3 0.0696  0.3022  0.0037  -1.0000  -1.0000  0.0766  0.1233  0.2767  0.2900  -1.0000  -1.0000  0.2900  0.2076  0.005000
epoch:4 0.0942  0.4268  0.0123  -1.0000  -1.0000  0.0966  0.2133  0.3133  0.3300  -1.0000  -1.0000  0.3300  0.1730  0.005000
epoch:5 0.1515  0.4992  0.0222  -1.0000  -1.0000  0.1529  0.2833  0.3500  0.3667  -1.0000  -1.0000  0.3667  0.1624  0.005000
epoch:6 0.1757  0.6428  0.0360  -1.0000  -1.0000  0.1848  0.2833  0.3500  0.3633  -1.0000  -1.0000  0.3633  0.1709  0.005000
epoch:7 0.2746  0.7029  0.1000  -1.0000  -1.0000  0.2755  0.3033  0.3900  0.3900  -1.0000  -1.0000  0.3900  0.1401  0.005000
epoch:8 0.2016  0.6568  0.0643  -1.0000  -1.0000  0.2026  0.2467  0.4067  0.4067  -1.0000  -1.0000  0.4067  0.1376  0.001650
epoch:9 0.2655  0.7284  0.0618  -1.0000  -1.0000  0.2668  0.3400  0.4367  0.4367  -1.0000  -1.0000  0.4367  0.1298  0.001650
epoch:10 0.3161  0.7732  0.0669  -1.0000  -1.0000  0.3172  0.3400  0.4267  0.4267  -1.0000  -1.0000  0.4267  0.1236  0.001650
epoch:11 0.2847  0.7246  0.2153  -1.0000  -1.0000  0.2855  0.3100  0.3833  0.3833  -1.0000  -1.0000  0.3833  0.1210  0.000545
epoch:12 0.3252  0.7852  0.1908  -1.0000  -1.0000  0.3262  0.3467  0.4367  0.4367  -1.0000  -1.0000  0.4367  0.1178  0.000545
epoch:13 0.3107  0.8025  0.1177  -1.0000  -1.0000  0.3111  0.3433  0.3967  0.3967  -1.0000  -1.0000  0.3967  0.1137  0.000545
epoch:14 0.3309  0.8267  0.2336  -1.0000  -1.0000  0.3318  0.3567  0.4267  0.4267  -1.0000  -1.0000  0.4267  0.1131  0.000180
epoch:15 0.3259  0.8209  0.1457  -1.0000  -1.0000  0.3264  0.3633  0.4233  0.4233  -1.0000  -1.0000  0.4233  0.1139  0.000180
epoch:16 0.3297  0.8338  0.1408  -1.0000  -1.0000  0.3306  0.3767  0.4567  0.4567  -1.0000  -1.0000  0.4567  0.1110  0.000180
epoch:17 0.3316  0.7751  0.2563  -1.0000  -1.0000  0.3325  0.3600  0.4400  0.4400  -1.0000  -1.0000  0.4400  0.1117  0.000059
epoch:18 0.3492  0.8151  0.2131  -1.0000  -1.0000  0.3504  0.3900  0.4567  0.4567  -1.0000  -1.0000  0.4567  0.1132  0.000059
epoch:19 0.3537  0.7943  0.2371  -1.0000  -1.0000  0.3545  0.3933  0.4867  0.4867  -1.0000  -1.0000  0.4867  0.1096  0.000059
epoch:20 0.3267  0.7469  0.1817  -1.0000  -1.0000  0.3274  0.3500  0.4600  0.4600  -1.0000  -1.0000  0.4600  0.1073  0.000020
epoch:21 0.3360  0.7672  0.2207  -1.0000  -1.0000  0.3366  0.3667  0.4500  0.4500  -1.0000  -1.0000  0.4500  0.1150  0.000020
epoch:22 0.3537  0.8267  0.2306  -1.0000  -1.0000  0.3541  0.4000  0.4500  0.4500  -1.0000  -1.0000  0.4500  0.1121  0.000020
epoch:23 0.3039  0.8049  0.1075  -1.0000  -1.0000  0.3045  0.3467  0.4167  0.4167  -1.0000  -1.0000  0.4167  0.1103  0.000006
epoch:24 0.3175  0.8034  0.0965  -1.0000  -1.0000  0.3180  0.3567  0.4200  0.4200  -1.0000  -1.0000  0.4200  0.1106  0.000006
