epoch:0 0.0000  0.0000  0.0000  0.0000  0.0000  0.0000  0.0000  0.0000  0.0000  0.0000  0.0000  0.0000  0.4617  0.009000
epoch:1 0.0024  0.0151  0.0006  0.0003  0.0025  0.0201  0.0133  0.0627  0.0827  0.0500  0.0786  0.1067  0.1253  0.009000
epoch:2 0.0242  0.0784  0.0060  0.0037  0.0278  0.0365  0.0360  0.1547  0.1773  0.0750  0.1804  0.1933  0.0990  0.009000
epoch:3 0.0407  0.1259  0.0089  0.0032  0.0432  0.1290  0.0707  0.1827  0.2147  0.0250  0.2125  0.2733  0.1054  0.009000
epoch:4 0.0369  0.1799  0.0016  0.0257  0.0387  0.0932  0.0893  0.1720  0.2093  0.1250  0.1946  0.2867  0.0970  0.009000
epoch:5 0.0859  0.2891  0.0113  0.0086  0.0939  0.0971  0.1280  0.2320  0.2747  0.0250  0.2893  0.2867  0.0996  0.009000
epoch:6 0.1585  0.5458  0.0307  0.0109  0.1511  0.2670  0.2053  0.3187  0.3400  0.1750  0.3357  0.4000  0.0923  0.009000
epoch:7 0.2045  0.5326  0.0671  0.0515  0.1701  0.3621  0.2400  0.3280  0.3427  0.0500  0.3446  0.4133  0.0846  0.009000
epoch:8 0.2311  0.6025  0.1417  0.1079  0.2196  0.3366  0.2387  0.3667  0.3853  0.1250  0.3875  0.4467  0.0819  0.002700
epoch:9 0.2539  0.6935  0.0968  0.0644  0.2410  0.3631  0.2480  0.3960  0.4173  0.1250  0.4179  0.4933  0.0807  0.002700
epoch:10 0.2812  0.7151  0.1372  0.1360  0.2628  0.3926  0.2907  0.3853  0.4067  0.1500  0.4036  0.4867  0.0808  0.002700
epoch:11 0.2799  0.7332  0.1655  0.1030  0.2773  0.3728  0.2747  0.3987  0.4147  0.1000  0.4071  0.5267  0.0765  0.000810
epoch:12 0.2939  0.7448  0.1423  0.1277  0.2869  0.3917  0.2693  0.4107  0.4200  0.1250  0.4250  0.4800  0.0746  0.000810
epoch:13 0.3090  0.7738  0.1434  0.0876  0.3076  0.3691  0.2813  0.4093  0.4227  0.1750  0.4286  0.4667  0.0734  0.000810
epoch:14 0.3002  0.7639  0.2057  0.0851  0.2996  0.3707  0.2707  0.3973  0.4147  0.1500  0.4232  0.4533  0.0730  0.000243
epoch:15 0.3012  0.7541  0.1384  0.2277  0.2936  0.3767  0.2733  0.4093  0.4187  0.2250  0.4214  0.4600  0.0709  0.000243
epoch:16 0.3248  0.7666  0.1839  0.1277  0.3220  0.4105  0.2960  0.4307  0.4400  0.1250  0.4464  0.5000  0.0714  0.000243
epoch:17 0.3026  0.7761  0.1782  0.1535  0.3030  0.3637  0.2893  0.3987  0.4093  0.1500  0.4196  0.4400  0.0726  0.000073
epoch:18 0.3052  0.7541  0.1495  0.1030  0.3118  0.3561  0.2880  0.3947  0.4080  0.1000  0.4268  0.4200  0.0741  0.000073
epoch:19 0.3198  0.7588  0.1914  0.1277  0.3210  0.3793  0.3067  0.4293  0.4440  0.1250  0.4571  0.4800  0.0715  0.000073
epoch:20 0.3239  0.7919  0.1856  0.1782  0.3244  0.3900  0.3027  0.4227  0.4413  0.1750  0.4482  0.4867  0.0701  0.000022
epoch:21 0.3040  0.7580  0.1688  0.1535  0.3063  0.3695  0.2880  0.4147  0.4240  0.1500  0.4357  0.4533  0.0737  0.000022
epoch:22 0.3273  0.7906  0.1687  0.1535  0.3305  0.3815  0.3093  0.4307  0.4373  0.1500  0.4518  0.4600  0.0697  0.000022
epoch:23 0.3089  0.7613  0.1688  0.1535  0.3028  0.4046  0.2840  0.4040  0.4187  0.1500  0.4214  0.4800  0.0711  0.000007
epoch:24 0.3104  0.7674  0.1793  0.0772  0.3039  0.3976  0.2867  0.3853  0.4013  0.0750  0.4089  0.4600  0.0719  0.000007
epoch:25 0.3049  0.7672  0.1793  0.2030  0.3074  0.3564  0.2827  0.4147  0.4240  0.2000  0.4268  0.4733  0.0739  0.000007
epoch:26 0.3282  0.7897  0.1986  0.1525  0.3181  0.4253  0.3000  0.4213  0.4280  0.1500  0.4304  0.4933  0.0734  0.000002
epoch:27 0.3111  0.7516  0.1660  0.1452  0.3144  0.3877  0.2880  0.4173  0.4360  0.1500  0.4446  0.4800  0.0735  0.000002
epoch:28 0.3157  0.7551  0.1865  0.1287  0.3104  0.4156  0.2867  0.4080  0.4253  0.1250  0.4286  0.4933  0.0723  0.000002
epoch:29 0.3231  0.7828  0.1574  0.1782  0.3220  0.4041  0.3027  0.4240  0.4360  0.1750  0.4429  0.4800  0.0711  0.000001
epoch:30 0.3247  0.7962  0.1521  0.1411  0.3240  0.3967  0.3067  0.4187  0.4333  0.1500  0.4393  0.4867  0.0723  0.000001
epoch:31 0.3030  0.7498  0.1668  0.0851  0.3070  0.3689  0.2800  0.4040  0.4173  0.1500  0.4250  0.4600  0.0707  0.000001
epoch:32 0.3251  0.7839  0.2010  0.1535  0.3229  0.4091  0.3040  0.4293  0.4400  0.1500  0.4429  0.5067  0.0722  0.000000
epoch:33 0.3210  0.7955  0.1860  0.1565  0.3174  0.3968  0.2880  0.4213  0.4360  0.2250  0.4357  0.4933  0.0722  0.000000
epoch:34 0.3117  0.7765  0.1558  0.2030  0.3090  0.3891  0.2920  0.4133  0.4200  0.2000  0.4214  0.4733  0.0754  0.000000
