epoch:0 0.0000  0.0000  0.0000  -1.0000  0.0000  0.0000  0.0000  0.0000  0.0000  -1.0000  0.0000  0.0000  0.4784  0.009000
epoch:1 0.0073  0.0471  0.0000  -1.0000  0.0031  0.0275  0.0153  0.1017  0.1203  -1.0000  0.1170  0.1333  0.1330  0.009000
epoch:2 0.0121  0.0550  0.0002  -1.0000  0.0107  0.0602  0.0102  0.1475  0.1475  -1.0000  0.1447  0.1583  0.0876  0.009000
epoch:3 0.0121  0.0602  0.0009  -1.0000  0.0042  0.0734  0.0525  0.0898  0.0932  -1.0000  0.0681  0.1917  0.0871  0.009000
epoch:4 0.0374  0.1537  0.0005  -1.0000  0.0353  0.1007  0.0915  0.2102  0.2288  -1.0000  0.2277  0.2333  0.0791  0.009000
epoch:5 0.0618  0.1981  0.0174  -1.0000  0.0656  0.0831  0.1593  0.3186  0.3610  -1.0000  0.3681  0.3333  0.0874  0.009000
epoch:6 0.1382  0.4602  0.0418  -1.0000  0.1641  0.1263  0.2153  0.3780  0.4000  -1.0000  0.4085  0.3667  0.0885  0.009000
epoch:7 0.2302  0.5980  0.0772  -1.0000  0.2175  0.2898  0.2831  0.4203  0.4339  -1.0000  0.4043  0.5500  0.0833  0.009000
epoch:8 0.2676  0.7039  0.1077  -1.0000  0.2474  0.3961  0.3339  0.4339  0.4356  -1.0000  0.4043  0.5583  0.0757  0.002700
epoch:9 0.3075  0.7442  0.0680  -1.0000  0.3042  0.3524  0.3305  0.4390  0.4390  -1.0000  0.4362  0.4500  0.0745  0.002700
epoch:10 0.3044  0.7434  0.1450  -1.0000  0.3176  0.3014  0.3407  0.4797  0.4797  -1.0000  0.4638  0.5417  0.0714  0.002700
epoch:11 0.3063  0.7590  0.1491  -1.0000  0.2985  0.3800  0.3356  0.4508  0.4542  -1.0000  0.4340  0.5333  0.0699  0.000810
epoch:12 0.2923  0.7921  0.1448  -1.0000  0.2728  0.3999  0.3203  0.4305  0.4390  -1.0000  0.4149  0.5333  0.0683  0.000810
epoch:13 0.3409  0.8035  0.2009  -1.0000  0.3398  0.3840  0.3559  0.4797  0.4814  -1.0000  0.4681  0.5333  0.0664  0.000810
epoch:14 0.3294  0.8111  0.1816  -1.0000  0.3289  0.3592  0.3458  0.4661  0.4678  -1.0000  0.4511  0.5333  0.0679  0.000243
epoch:15 0.3326  0.8263  0.1950  -1.0000  0.3168  0.4180  0.3542  0.4644  0.4678  -1.0000  0.4383  0.5833  0.0674  0.000243
epoch:16 0.3520  0.8214  0.2884  -1.0000  0.3267  0.4619  0.3729  0.4932  0.4966  -1.0000  0.4532  0.6667  0.0662  0.000243
epoch:17 0.3590  0.8361  0.2899  -1.0000  0.3385  0.4575  0.3644  0.4780  0.4814  -1.0000  0.4553  0.5833  0.0663  0.000073
epoch:18 0.3370  0.8124  0.2254  -1.0000  0.3243  0.4068  0.3458  0.4729  0.4763  -1.0000  0.4638  0.5250  0.0678  0.000073
epoch:19 0.3372  0.8167  0.1744  -1.0000  0.3215  0.4397  0.3542  0.4695  0.4729  -1.0000  0.4426  0.5917  0.0679  0.000073
epoch:20 0.3655  0.8274  0.2638  -1.0000  0.3418  0.4838  0.3780  0.4932  0.4966  -1.0000  0.4702  0.6000  0.0686  0.000022
epoch:21 0.3391  0.8379  0.1781  -1.0000  0.3172  0.4410  0.3339  0.4644  0.4678  -1.0000  0.4447  0.5583  0.0646  0.000022
epoch:22 0.3433  0.8092  0.2271  -1.0000  0.3251  0.4260  0.3492  0.4627  0.4661  -1.0000  0.4447  0.5500  0.0680  0.000022
epoch:23 0.3282  0.8105  0.1971  -1.0000  0.3199  0.4034  0.3407  0.4576  0.4610  -1.0000  0.4383  0.5500  0.0666  0.000007
epoch:24 0.3374  0.8282  0.2441  -1.0000  0.3216  0.4345  0.3525  0.4627  0.4661  -1.0000  0.4489  0.5333  0.0682  0.000007
epoch:25 0.3294  0.8088  0.1863  -1.0000  0.3166  0.3930  0.3475  0.4746  0.4746  -1.0000  0.4596  0.5333  0.0669  0.000007
epoch:26 0.3541  0.8294  0.2611  -1.0000  0.3249  0.4982  0.3661  0.4746  0.4780  -1.0000  0.4489  0.5917  0.0671  0.000002
epoch:27 0.3209  0.7782  0.1984  -1.0000  0.3068  0.3889  0.3322  0.4475  0.4525  -1.0000  0.4426  0.4917  0.0654  0.000002
epoch:28 0.3422  0.8308  0.1719  -1.0000  0.3256  0.4392  0.3525  0.4661  0.4695  -1.0000  0.4426  0.5750  0.0657  0.000002
epoch:29 0.3417  0.8241  0.2076  -1.0000  0.3229  0.4277  0.3627  0.4576  0.4610  -1.0000  0.4319  0.5750  0.0676  0.000001
epoch:30 0.3482  0.8296  0.2046  -1.0000  0.3213  0.4827  0.3678  0.4661  0.4695  -1.0000  0.4468  0.5583  0.0653  0.000001
epoch:31 0.3378  0.8030  0.1866  -1.0000  0.3226  0.4115  0.3610  0.4746  0.4797  -1.0000  0.4574  0.5667  0.0652  0.000001
epoch:32 0.3347  0.8360  0.1614  -1.0000  0.3260  0.3895  0.3559  0.4644  0.4678  -1.0000  0.4426  0.5667  0.0683  0.000000
epoch:33 0.3518  0.8302  0.1926  -1.0000  0.3255  0.4892  0.3542  0.4746  0.4780  -1.0000  0.4489  0.5917  0.0660  0.000000
epoch:34 0.3553  0.8252  0.2659  -1.0000  0.3311  0.4755  0.3661  0.4797  0.4831  -1.0000  0.4574  0.5833  0.0662  0.000000
