epoch:0 0.0000  0.0000  0.0000  0.0000  0.0000  0.0000  0.0000  0.0000  0.0000  0.0000  0.0000  0.0000  1.3555  0.001000
epoch:1 0.0000  0.0000  0.0000  0.0000  0.0000  0.0000  0.0000  0.0000  0.0000  0.0000  0.0000  0.0000  3.2554  0.001000
epoch:2 0.0000  0.0000  0.0000  0.0000  0.0000  0.0000  0.0000  0.0000  0.0000  0.0000  0.0000  0.0000  3.6325  0.001000
epoch:3 0.0007  0.0045  0.0000  0.0001  0.0010  0.0022  0.0038  0.0176  0.0298  0.0500  0.0257  0.0500  1.0710  0.001000
epoch:4 0.0000  0.0000  0.0000  0.0000  0.0000  0.0000  0.0000  0.0000  0.0000  0.0000  0.0000  0.0000  0.2945  0.001000
epoch:5 0.0000  0.0000  0.0000  0.0000  0.0000  0.0000  0.0000  0.0000  0.0000  0.0000  0.0000  0.0000  0.7513  0.001000
epoch:6 0.0004  0.0023  0.0000  0.0000  0.0007  0.0931  0.0000  0.0023  0.0763  0.0000  0.0752  0.0900  0.1864  0.001000
epoch:7 0.0004  0.0025  0.0000  0.0000  0.0010  0.0574  0.0000  0.0008  0.0565  0.0000  0.0578  0.0550  0.1495  0.001000
epoch:8 0.0005  0.0033  0.0000  0.0000  0.0013  0.0673  0.0000  0.0008  0.0672  0.0000  0.0688  0.0650  0.1382  0.000330
epoch:9 0.0006  0.0038  0.0000  0.0000  0.0017  0.0842  0.0000  0.0031  0.0863  0.0000  0.0890  0.0800  0.1336  0.000330
epoch:10 0.0007  0.0042  0.0000  0.0000  0.0017  0.0891  0.0000  0.0031  0.0863  0.0000  0.0881  0.0850  0.1346  0.000330
epoch:11 0.0007  0.0039  0.0000  0.0000  0.0017  0.0832  0.0000  0.0031  0.0916  0.0000  0.0954  0.0800  0.1354  0.000109
epoch:12 0.0008  0.0049  0.0000  0.0000  0.0020  0.0990  0.0000  0.0046  0.1008  0.0000  0.1037  0.0950  0.1401  0.000109
epoch:13 0.0008  0.0051  0.0000  0.0000  0.0021  0.1040  0.0000  0.0053  0.0947  0.0000  0.0954  0.1000  0.1357  0.000109
epoch:14 0.0008  0.0044  0.0000  0.0000  0.0019  0.0990  0.0000  0.0038  0.0969  0.0000  0.0991  0.0950  0.1316  0.000036
epoch:15 0.0007  0.0044  0.0000  0.0000  0.0017  0.0891  0.0000  0.0031  0.0916  0.0000  0.0945  0.0850  0.1330  0.000036
epoch:16 0.0009  0.0051  0.0000  0.0000  0.0022  0.0931  0.0000  0.0046  0.1084  0.0000  0.1138  0.0900  0.1336  0.000036
epoch:17 0.0008  0.0048  0.0000  0.0000  0.0020  0.0990  0.0000  0.0046  0.0962  0.0000  0.0982  0.0950  0.1315  0.000012
epoch:18 0.0008  0.0050  0.0000  0.0000  0.0019  0.0990  0.0000  0.0038  0.0985  0.0000  0.1009  0.0950  0.1348  0.000012
epoch:19 0.0008  0.0044  0.0000  0.0000  0.0018  0.1040  0.0000  0.0038  0.0977  0.0000  0.0991  0.1000  0.1313  0.000012
epoch:20 0.0008  0.0047  0.0000  0.0000  0.0020  0.0941  0.0000  0.0038  0.1038  0.0000  0.1083  0.0900  0.1364  0.000004
epoch:21 0.0009  0.0051  0.0000  0.0000  0.0022  0.0822  0.0000  0.0061  0.1000  0.0000  0.1055  0.0800  0.1312  0.000004
epoch:22 0.0008  0.0047  0.0000  0.0000  0.0021  0.0822  0.0000  0.0084  0.1015  0.0000  0.1073  0.0800  0.1335  0.000004
epoch:23 0.0008  0.0045  0.0000  0.0000  0.0020  0.1040  0.0000  0.0076  0.1031  0.0000  0.1055  0.1000  0.1340  0.000001
epoch:24 0.0008  0.0044  0.0000  0.0000  0.0020  0.0723  0.0000  0.0084  0.1023  0.0000  0.1101  0.0700  0.1385  0.000001
epoch:25 0.0008  0.0045  0.0000  0.0000  0.0021  0.0832  0.0000  0.0038  0.1031  0.0000  0.1092  0.0800  0.1324  0.000001
epoch:26 0.0010  0.0058  0.0000  0.0000  0.0024  0.0980  0.0000  0.0084  0.1092  0.0000  0.1138  0.0950  0.1281  0.000000
epoch:27 0.0008  0.0052  0.0000  0.0000  0.0021  0.0931  0.0000  0.0046  0.0947  0.0000  0.0972  0.0900  0.1382  0.000000
epoch:28 0.0008  0.0047  0.0000  0.0000  0.0020  0.0822  0.0000  0.0053  0.1046  0.0000  0.1110  0.0800  0.1387  0.000000
epoch:29 0.0009  0.0050  0.0000  0.0000  0.0022  0.0931  0.0000  0.0046  0.1015  0.0000  0.1055  0.0900  0.1347  0.000000
epoch:30 0.0008  0.0050  0.0000  0.0000  0.0021  0.0990  0.0000  0.0038  0.1000  0.0000  0.1028  0.0950  0.1322  0.000000
epoch:31 0.0007  0.0047  0.0000  0.0000  0.0018  0.0990  0.0000  0.0038  0.0947  0.0000  0.0963  0.0950  0.1347  0.000000
epoch:32 0.0008  0.0045  0.0000  0.0000  0.0019  0.0881  0.0000  0.0038  0.0924  0.0000  0.0954  0.0850  0.1349  0.000000
epoch:33 0.0009  0.0049  0.0000  0.0000  0.0020  0.0980  0.0000  0.0038  0.1046  0.0000  0.1083  0.0950  0.1296  0.000000
epoch:34 0.0009  0.0055  0.0000  0.0000  0.0024  0.1040  0.0000  0.0038  0.1046  0.0000  0.1073  0.1000  0.1316  0.000000
