epoch:0 0.0000  0.0000  0.0000  0.0000  0.0000  0.0000  0.0000  0.0000  0.0000  0.0000  0.0000  0.0000  0.6010  0.005000
epoch:1 0.0000  0.0000  0.0000  0.0000  0.0000  0.0000  0.0000  0.0000  0.0000  0.0000  0.0000  0.0000  0.1748  0.005000
epoch:2 0.0000  0.0001  0.0000  0.0000  0.0000  0.0104  0.0000  0.0058  0.0109  0.0000  0.0092  0.0227  0.1261  0.005000
epoch:3 0.0147  0.0724  0.0001  0.0000  0.0163  0.0651  0.0304  0.0746  0.0761  0.0000  0.0734  0.1136  0.1099  0.005000
epoch:4 0.0192  0.0838  0.0002  0.0000  0.0229  0.0812  0.0464  0.1065  0.1225  0.0000  0.1211  0.1682  0.0989  0.005000
epoch:5 0.0192  0.0843  0.0011  0.0024  0.0227  0.1015  0.0558  0.1659  0.2283  0.1143  0.2229  0.2909  0.0962  0.005000
epoch:6 0.0298  0.1253  0.0015  0.0000  0.0323  0.1699  0.0928  0.2101  0.2471  0.0000  0.2633  0.2455  0.0983  0.005000
epoch:7 0.0469  0.1679  0.0052  0.0000  0.0484  0.1408  0.1014  0.2304  0.2667  0.0000  0.2725  0.3227  0.0970  0.005000
epoch:8 0.0623  0.2149  0.0104  0.0000  0.0672  0.1765  0.1268  0.2384  0.2645  0.0000  0.2761  0.2909  0.0873  0.001500
epoch:9 0.0726  0.2708  0.0114  0.0006  0.0754  0.1694  0.1297  0.2449  0.2891  0.0143  0.3028  0.3091  0.0847  0.001500
epoch:10 0.0732  0.2833  0.0071  0.0026  0.0702  0.1807  0.1261  0.2420  0.2754  0.0286  0.2807  0.3273  0.0866  0.001500
epoch:11 0.0861  0.3127  0.0156  0.0029  0.0849  0.1790  0.1500  0.2580  0.2993  0.0429  0.3009  0.3727  0.0807  0.000450
epoch:12 0.0816  0.2924  0.0189  0.0088  0.0791  0.1805  0.1362  0.2522  0.2862  0.0571  0.2963  0.3091  0.0794  0.000450
epoch:13 0.0870  0.3149  0.0171  0.0069  0.0821  0.2226  0.1543  0.2674  0.2964  0.0429  0.3046  0.3364  0.0818  0.000450
epoch:14 0.0895  0.3199  0.0138  0.0048  0.0855  0.2222  0.1565  0.2623  0.2928  0.0286  0.2982  0.3500  0.0802  0.000135
epoch:15 0.0901  0.3439  0.0124  0.0038  0.0849  0.2368  0.1471  0.2565  0.2964  0.0286  0.2936  0.3955  0.0781  0.000135
epoch:16 0.0918  0.3126  0.0171  0.0088  0.0875  0.1965  0.1457  0.2703  0.3072  0.0571  0.3101  0.3727  0.0768  0.000135
epoch:17 0.0878  0.2976  0.0167  0.0069  0.0853  0.2023  0.1486  0.2645  0.3022  0.0429  0.3101  0.3455  0.0803  0.000041
epoch:18 0.0903  0.3257  0.0212  0.0055  0.0876  0.1994  0.1522  0.2529  0.2949  0.0429  0.2963  0.3682  0.0795  0.000041
epoch:19 0.0874  0.3186  0.0184  0.0104  0.0816  0.2454  0.1536  0.2659  0.3014  0.0571  0.3037  0.3682  0.0806  0.000041
epoch:20 0.0890  0.3202  0.0141  0.0052  0.0861  0.1993  0.1565  0.2580  0.3007  0.0286  0.3055  0.3636  0.0783  0.000012
epoch:21 0.0884  0.3078  0.0170  0.0082  0.0856  0.1894  0.1630  0.2725  0.3181  0.0429  0.3294  0.3500  0.0810  0.000012
epoch:22 0.0965  0.3379  0.0137  0.0059  0.0932  0.2203  0.1616  0.2812  0.3181  0.0429  0.3248  0.3727  0.0805  0.000012
epoch:23 0.0912  0.3264  0.0258  0.0104  0.0860  0.2147  0.1565  0.2659  0.3080  0.0571  0.3138  0.3591  0.0749  0.000004
epoch:24 0.0893  0.3132  0.0122  0.0048  0.0862  0.2023  0.1464  0.2536  0.2819  0.0286  0.2890  0.3273  0.0783  0.000004
