epoch:0 0.0000  0.0000  0.0000  0.0000  0.0000  0.0000  0.0000  0.0000  0.0000  0.0000  0.0000  0.0000  0.5962  0.005000
epoch:1 0.0000  0.0000  0.0000  0.0000  0.0000  0.0000  0.0000  0.0000  0.0000  0.0000  0.0000  0.0000  0.2339  0.005000
epoch:2 0.0004  0.0011  0.0002  0.0000  0.0004  0.0000  0.0000  0.0028  0.0028  0.0000  0.0028  0.0000  0.2303  0.005000
epoch:3 0.0000  0.0000  0.0000  0.0000  0.0000  0.0000  0.0000  0.0000  0.0000  0.0000  0.0000  0.0000  0.2286  0.005000
epoch:4 0.0025  0.0122  0.0005  0.0000  0.0025  0.0000  0.0028  0.0235  0.0916  0.0000  0.0937  0.0000  0.2215  0.005000
epoch:5 0.0066  0.0374  0.0002  0.0000  0.0070  0.0258  0.0170  0.0399  0.1087  0.0000  0.1104  0.2000  0.2083  0.005000
epoch:6 0.0211  0.1192  0.0002  0.0005  0.0222  0.1000  0.0127  0.0749  0.1666  0.0167  0.1696  0.1000  0.1985  0.005000
epoch:7 0.1033  0.4142  0.0186  0.0000  0.1055  0.4000  0.0539  0.2133  0.3099  0.0000  0.3155  0.4000  0.1944  0.005000
epoch:8 0.1005  0.4047  0.0073  0.0000  0.1025  0.4000  0.0399  0.1991  0.2981  0.0000  0.3035  0.4000  0.2237  0.001250
epoch:9 0.1196  0.4619  0.0062  0.0337  0.1216  0.4000  0.0424  0.2387  0.3241  0.0333  0.3294  0.4000  0.2168  0.001250
epoch:10 0.1323  0.4980  0.0169  0.0000  0.1354  0.0000  0.0554  0.2418  0.3235  0.0000  0.3307  0.0000  0.2223  0.001250
epoch:11 0.1318  0.4715  0.0232  0.0168  0.1345  0.2000  0.0536  0.2526  0.3282  0.0167  0.3345  0.2000  0.2197  0.000313
epoch:12 0.1410  0.5282  0.0183  0.0000  0.1439  0.3500  0.0548  0.2678  0.3412  0.0000  0.3475  0.4000  0.2156  0.000313
epoch:13 0.1434  0.5167  0.0240  0.0000  0.1463  0.6000  0.0548  0.2793  0.3427  0.0000  0.3484  0.6000  0.2260  0.000313
epoch:14 0.1508  0.5344  0.0290  0.0000  0.1537  0.3000  0.0616  0.2616  0.3498  0.0000  0.3566  0.3000  0.2211  0.000078
epoch:15 0.1385  0.5525  0.0175  0.0000  0.1413  0.2000  0.0545  0.2437  0.3192  0.0000  0.3256  0.2000  0.2229  0.000078
epoch:16 0.1433  0.5129  0.0210  0.0084  0.1463  0.0000  0.0594  0.2666  0.3402  0.0167  0.3475  0.0000  0.2206  0.000078
epoch:17 0.1357  0.5195  0.0138  0.0000  0.1385  0.1000  0.0576  0.2526  0.3322  0.0000  0.3392  0.1000  0.2211  0.000020
epoch:18 0.1429  0.5281  0.0244  0.0000  0.1458  0.0000  0.0567  0.2517  0.3276  0.0000  0.3348  0.0000  0.2185  0.000020
epoch:19 0.1467  0.5567  0.0148  0.0000  0.1492  0.4000  0.0607  0.2613  0.3241  0.0000  0.3301  0.4000  0.2202  0.000020
epoch:20 0.1589  0.5807  0.0191  0.0168  0.1623  0.2000  0.0607  0.2613  0.3427  0.0167  0.3494  0.2000  0.2184  0.000005
epoch:21 0.1423  0.5303  0.0281  0.0084  0.1453  0.0000  0.0520  0.2579  0.3257  0.0167  0.3326  0.0000  0.2194  0.000005
epoch:22 0.1356  0.5024  0.0167  0.0000  0.1383  0.1000  0.0511  0.2545  0.3328  0.0000  0.3399  0.1000  0.2193  0.000005
epoch:23 0.1421  0.5139  0.0206  0.0000  0.1450  0.1000  0.0539  0.2675  0.3378  0.0000  0.3449  0.1000  0.2203  0.000001
epoch:24 0.1403  0.4919  0.0223  0.0168  0.1432  0.0000  0.0498  0.2721  0.3520  0.0167  0.3595  0.0000  0.2228  0.000001
epoch:25 0.1465  0.5437  0.0237  0.0000  0.1497  0.1000  0.0560  0.2706  0.3406  0.0000  0.3478  0.1000  0.2228  0.000001
epoch:26 0.1509  0.5359  0.0268  0.0000  0.1538  0.2000  0.0591  0.2715  0.3396  0.0000  0.3465  0.2000  0.2223  0.000000
epoch:27 0.1604  0.5464  0.0397  0.0000  0.1635  0.1000  0.0718  0.2712  0.3409  0.0000  0.3481  0.1000  0.2213  0.000000
epoch:28 0.1450  0.5305  0.0149  0.0000  0.1480  0.1000  0.0548  0.2635  0.3322  0.0000  0.3392  0.1000  0.2265  0.000000
