epoch:0 0.0729  0.2742  0.0066  0.1532  0.0558  0.2327  0.1229  0.2130  0.3023  0.2500  0.2982  0.3300  0.5705  0.010000
epoch:1 0.2270  0.6241  0.0709  0.1431  0.2243  0.2985  0.2099  0.3863  0.4229  0.5500  0.4248  0.4000  0.2597  0.010000
epoch:2 0.2916  0.8298  0.0882  0.1515  0.2903  0.3419  0.2473  0.3947  0.4061  0.1500  0.4055  0.4350  0.2128  0.010000
epoch:3 0.3689  0.8625  0.1954  0.3614  0.3611  0.4235  0.2893  0.4710  0.4763  0.5000  0.4697  0.5100  0.1802  0.003300
epoch:4 0.3148  0.7859  0.1532  0.0030  0.2919  0.4574  0.2908  0.4450  0.4542  0.2000  0.4394  0.5600  0.1689  0.003300
epoch:5 0.3957  0.8531  0.2492  0.2020  0.3856  0.4804  0.3084  0.4908  0.4908  0.2000  0.4817  0.5700  0.1538  0.003300
epoch:6 0.4084  0.8694  0.2500  0.2525  0.3959  0.4843  0.3130  0.5076  0.5107  0.2500  0.4982  0.6050  0.1470  0.001089
epoch:7 0.4063  0.8967  0.2605  0.1522  0.3959  0.4805  0.3122  0.4901  0.4908  0.2000  0.4835  0.5600  0.1396  0.001089
epoch:8 0.4135  0.8794  0.2793  0.3030  0.4015  0.4927  0.3183  0.5023  0.5023  0.3000  0.4936  0.5700  0.1366  0.001089
epoch:9 0.4074  0.8924  0.2638  0.2525  0.4004  0.4679  0.3153  0.4931  0.4931  0.2500  0.4917  0.5250  0.1344  0.000359
epoch:10 0.4194  0.8903  0.2850  0.2525  0.4091  0.4932  0.3206  0.5053  0.5053  0.2500  0.4963  0.5800  0.1265  0.000359
epoch:11 0.4188  0.8871  0.3027  0.2525  0.4142  0.4672  0.3191  0.5015  0.5015  0.2500  0.5000  0.5350  0.1232  0.000359
epoch:12 0.4198  0.8808  0.2963  0.2525  0.4131  0.4816  0.3191  0.5038  0.5038  0.2500  0.4982  0.5600  0.1257  0.000119
epoch:13 0.4208  0.8803  0.2854  0.2525  0.4106  0.4966  0.3237  0.5084  0.5084  0.2500  0.4991  0.5850  0.1262  0.000119
epoch:14 0.4162  0.8875  0.2908  0.2525  0.4083  0.4820  0.3168  0.5031  0.5031  0.2500  0.4954  0.5700  0.1289  0.000119
