epoch:0 0.0000  0.0000  0.0000  0.0000  0.0000  0.0000  0.0000  0.0000  0.0000  0.0000  0.0000  0.0000  19.5705  0.010000
epoch:1 0.0004  0.0016  0.0000  0.0000  0.0007  0.0000  0.0033  0.0110  0.0143  0.0000  0.0169  0.0000  3.8737  0.010000
epoch:2 0.0000  0.0000  0.0000  0.0000  0.0000  0.0000  0.0000  0.0000  0.0000  0.0000  0.0000  0.0000  0.2863  0.010000
epoch:3 0.0000  0.0000  0.0000  0.0000  0.0000  0.0000  0.0000  0.0000  0.0000  0.0000  0.0000  0.0000  0.5086  0.010000
epoch:4 0.0000  0.0000  0.0000  0.0000  0.0000  0.0000  0.0000  0.0000  0.0000  0.0000  0.0000  0.0000  4.2858  0.010000
epoch:5 0.0000  0.0000  0.0000  0.0000  0.0000  0.0000  0.0000  0.0000  0.0000  0.0000  0.0000  0.0000  27268.9414  0.010000
epoch:6 0.0000  0.0000  0.0000  0.0000  0.0000  0.0000  0.0000  0.0000  0.0000  0.0000  0.0000  0.0000  0.5211  0.010000
epoch:7 0.0000  0.0000  0.0000  0.0000  0.0000  0.0000  0.0000  0.0000  0.0011  0.0000  0.0013  0.0000  0.4053  0.010000
epoch:8 0.0000  0.0000  0.0000  0.0000  0.0000  0.0000  0.0000  0.0000  0.0044  0.0000  0.0052  0.0000  0.3571  0.003300
epoch:9 0.0000  0.0000  0.0000  0.0000  0.0000  0.0009  0.0000  0.0000  0.0132  0.0000  0.0130  0.0200  0.3196  0.003300
epoch:10 0.0000  0.0000  0.0000  0.0000  0.0000  0.0000  0.0000  0.0000  0.0066  0.0000  0.0078  0.0000  0.3191  0.003300
epoch:11 0.0000  0.0001  0.0000  0.0000  0.0000  0.0006  0.0000  0.0000  0.0121  0.0000  0.0117  0.0200  0.2841  0.001089
epoch:12 0.0000  0.0000  0.0000  0.0000  0.0000  0.0000  0.0000  0.0000  0.0066  0.0000  0.0078  0.0000  0.3112  0.001089
epoch:13 0.0000  0.0000  0.0000  0.0000  0.0000  0.0000  0.0000  0.0000  0.0066  0.0000  0.0078  0.0000  0.2968  0.001089
epoch:14 0.0000  0.0001  0.0000  0.0000  0.0000  0.0000  0.0000  0.0011  0.0077  0.0000  0.0091  0.0000  0.2823  0.000359
epoch:15 0.0000  0.0000  0.0000  0.0000  0.0000  0.0000  0.0000  0.0011  0.0143  0.0000  0.0169  0.0000  0.3079  0.000359
epoch:16 0.0000  0.0000  0.0000  0.0000  0.0000  0.0000  0.0000  0.0000  0.0022  0.0000  0.0026  0.0000  0.2721  0.000359
epoch:17 0.0000  0.0000  0.0000  0.0000  0.0000  0.0000  0.0000  0.0000  0.0066  0.0000  0.0078  0.0000  0.3089  0.000119
epoch:18 0.0000  0.0001  0.0000  0.0000  0.0000  0.0003  0.0000  0.0000  0.0132  0.0000  0.0117  0.0300  0.2803  0.000119
epoch:19 0.0000  0.0000  0.0000  0.0000  0.0000  0.0000  0.0000  0.0000  0.0044  0.0000  0.0052  0.0000  0.2630  0.000119
epoch:20 0.0000  0.0000  0.0000  0.0000  0.0000  0.0000  0.0000  0.0011  0.0011  0.0000  0.0013  0.0000  0.2667  0.000039
epoch:21 0.0000  0.0000  0.0000  0.0000  0.0000  0.0000  0.0000  0.0000  0.0033  0.0000  0.0039  0.0000  0.2676  0.000039
epoch:22 0.0000  0.0000  0.0000  0.0000  0.0000  0.0000  0.0000  0.0000  0.0044  0.0000  0.0052  0.0000  0.2816  0.000039
epoch:23 0.0000  0.0000  0.0000  0.0000  0.0000  0.0000  0.0000  0.0000  0.0022  0.0000  0.0026  0.0000  0.2739  0.000013
epoch:24 0.0000  0.0000  0.0000  0.0000  0.0000  0.0000  0.0000  0.0000  0.0033  0.0000  0.0039  0.0000  0.2819  0.000013
epoch:25 0.0000  0.0000  0.0000  0.0000  0.0000  0.0000  0.0000  0.0000  0.0000  0.0000  0.0000  0.0000  0.2700  0.000013
epoch:26 0.0000  0.0000  0.0000  0.0000  0.0000  0.0000  0.0000  0.0000  0.0066  0.0000  0.0078  0.0000  0.2732  0.000004
epoch:27 0.0000  0.0000  0.0000  0.0000  0.0000  0.0000  0.0000  0.0011  0.0011  0.0000  0.0013  0.0000  0.2867  0.000004
epoch:28 0.0000  0.0000  0.0000  0.0000  0.0000  0.0011  0.0000  0.0000  0.0044  0.0000  0.0013  0.0300  0.2808  0.000004
epoch:29 0.0000  0.0000  0.0000  0.0000  0.0000  0.0007  0.0000  0.0000  0.0011  0.0000  0.0000  0.0100  0.2864  0.000001
epoch:30 0.0000  0.0000  0.0000  0.0000  0.0000  0.0036  0.0000  0.0000  0.0033  0.0000  0.0013  0.0200  0.2543  0.000001
epoch:31 0.0000  0.0000  0.0000  0.0000  0.0000  0.0000  0.0000  0.0000  0.0000  0.0000  0.0000  0.0000  0.2512  0.000001
epoch:32 0.0000  0.0000  0.0000  0.0000  0.0000  0.0000  0.0000  0.0000  0.0055  0.0000  0.0065  0.0000  0.2646  0.000000
epoch:33 0.0000  0.0000  0.0000  0.0000  0.0000  0.0000  0.0000  0.0011  0.0022  0.0000  0.0026  0.0000  0.2619  0.000000
epoch:34 0.0000  0.0000  0.0000  0.0000  0.0000  0.0001  0.0000  0.0000  0.0033  0.0000  0.0026  0.0100  0.2694  0.000000
