epoch:0 0.0049  0.0226  0.0002  0.0061  0.0030  0.0124  0.0023  0.0255  0.1664  0.1994  0.0944  0.2346  1.1166  0.010000
epoch:1 0.0331  0.1777  0.0008  0.0273  0.0395  0.0509  0.0133  0.0887  0.2319  0.2066  0.2508  0.2673  0.8558  0.010000
epoch:2 0.1331  0.4841  0.0191  0.1399  0.1218  0.2258  0.0525  0.2255  0.3330  0.3198  0.3206  0.4058  0.7946  0.010000
epoch:3 0.1479  0.5064  0.0320  0.1630  0.1338  0.1920  0.0577  0.2533  0.3304  0.3216  0.3095  0.4096  0.7459  0.003300
epoch:4 0.1534  0.5261  0.0212  0.1684  0.1294  0.2207  0.0496  0.2528  0.3371  0.3257  0.3175  0.4212  0.6881  0.003300
epoch:5 0.1538  0.5314  0.0359  0.1547  0.1555  0.1921  0.0504  0.2452  0.3186  0.3102  0.3167  0.3500  0.6539  0.003300
epoch:6 0.1776  0.5736  0.0539  0.1595  0.1889  0.2331  0.0557  0.2713  0.3391  0.3108  0.3500  0.4038  0.6356  0.001089
epoch:7 0.1810  0.5788  0.0597  0.1634  0.1838  0.2505  0.0614  0.2725  0.3383  0.3114  0.3413  0.4173  0.6051  0.001089
epoch:8 0.1839  0.5846  0.0577  0.1608  0.1936  0.2480  0.0626  0.2768  0.3417  0.3084  0.3587  0.4077  0.5941  0.001089
epoch:9 0.1857  0.5754  0.0631  0.1675  0.1879  0.2556  0.0643  0.2783  0.3423  0.3180  0.3421  0.4212  0.5711  0.000359
epoch:10 0.1861  0.5905  0.0658  0.1707  0.1855  0.2574  0.0614  0.2774  0.3432  0.3168  0.3508  0.4096  0.5884  0.000359
epoch:11 0.1820  0.5842  0.0614  0.1611  0.1836  0.2617  0.0603  0.2762  0.3426  0.3150  0.3437  0.4288  0.5776  0.000359
epoch:12 0.1869  0.5944  0.0583  0.1626  0.1897  0.2685  0.0606  0.2794  0.3443  0.3156  0.3484  0.4269  0.5584  0.000119
epoch:13 0.1827  0.5864  0.0581  0.1577  0.1849  0.2618  0.0583  0.2768  0.3316  0.3000  0.3365  0.4212  0.5698  0.000119
epoch:14 0.1861  0.5979  0.0536  0.1645  0.1895  0.2560  0.0583  0.2754  0.3391  0.3156  0.3389  0.4154  0.5532  0.000119
