epoch:0 0.0001  0.0005  0.0000  0.0089  0.0001  0.0000  0.0002  0.0026  0.0192  0.0167  0.0198  0.0000  0.4687  0.005000
epoch:1 0.0074  0.0203  0.0050  0.0000  0.0076  0.0000  0.0074  0.0299  0.0507  0.0000  0.0531  0.0000  0.2299  0.005000
epoch:2 0.0106  0.0427  0.0011  0.0000  0.0108  0.1094  0.0131  0.0480  0.1023  0.0000  0.1041  0.1125  0.2401  0.005000
epoch:3 0.0104  0.0479  0.0004  0.0008  0.0102  0.0711  0.0149  0.0446  0.0982  0.0083  0.0970  0.2125  0.2393  0.001650
epoch:4 0.0156  0.0655  0.0012  0.0082  0.0159  0.0455  0.0221  0.0654  0.1152  0.0250  0.1178  0.0875  0.2413  0.001650
epoch:5 0.0865  0.3444  0.0126  0.0134  0.0875  0.1574  0.0412  0.1717  0.2680  0.0250  0.2716  0.3187  0.2429  0.005000
epoch:6 0.1570  0.5599  0.0209  0.0000  0.1564  0.3265  0.0606  0.2627  0.3401  0.0000  0.3460  0.3750  0.2492  0.005000
epoch:7 0.1812  0.6172  0.0296  0.0170  0.1823  0.3399  0.0666  0.2690  0.3536  0.2750  0.3540  0.4000  0.2544  0.005000
epoch:8 0.2790  0.7767  0.1041  0.0997  0.2755  0.4708  0.0911  0.3714  0.4199  0.3167  0.4198  0.5000  0.2484  0.002000
epoch:9 0.3201  0.8120  0.1242  0.0832  0.3194  0.4521  0.0998  0.4173  0.4446  0.1250  0.4497  0.4938  0.2474  0.002000
epoch:10 0.3173  0.8190  0.1482  0.0113  0.3162  0.4993  0.1019  0.4142  0.4409  0.0333  0.4467  0.5312  0.2455  0.002000
epoch:11 0.3467  0.8343  0.1744  0.0830  0.3445  0.5210  0.1068  0.4341  0.4649  0.1333  0.4699  0.5312  0.2401  0.000800
epoch:12 0.3306  0.8275  0.1735  0.0944  0.3251  0.5946  0.1050  0.4318  0.4575  0.1417  0.4592  0.6312  0.2369  0.000800
epoch:13 0.3407  0.8489  0.1677  0.1847  0.3341  0.5127  0.1027  0.4278  0.4577  0.2250  0.4602  0.5375  0.2338  0.000800
epoch:14 0.3636  0.8518  0.2131  0.1243  0.3614  0.5157  0.1052  0.4533  0.4792  0.1750  0.4838  0.5375  0.2259  0.000320
epoch:15 0.3525  0.8645  0.1745  0.1502  0.3518  0.4570  0.1079  0.4370  0.4669  0.2083  0.4719  0.4750  0.2299  0.000320
epoch:16 0.3673  0.8741  0.2017  0.1760  0.3647  0.5225  0.1137  0.4499  0.4788  0.1833  0.4831  0.5437  0.2265  0.000320
epoch:17 0.3633  0.8436  0.2186  0.1340  0.3629  0.5076  0.1134  0.4520  0.4805  0.1500  0.4858  0.5312  0.2229  0.000128
epoch:18 0.3691  0.8762  0.2174  0.1389  0.3668  0.5389  0.1126  0.4557  0.4835  0.2083  0.4871  0.5563  0.2245  0.000128
epoch:19 0.3670  0.8668  0.2204  0.1389  0.3662  0.5055  0.1078  0.4593  0.4851  0.1750  0.4898  0.5437  0.2244  0.000128
epoch:20 0.3556  0.8448  0.2102  0.1463  0.3543  0.5157  0.1095  0.4446  0.4766  0.2000  0.4804  0.5437  0.2224  0.000051
epoch:21 0.3650  0.8574  0.2082  0.1176  0.3634  0.5155  0.1099  0.4570  0.4824  0.1250  0.4880  0.5437  0.2246  0.000051
epoch:22 0.3718  0.8678  0.2094  0.1647  0.3711  0.4834  0.1124  0.4695  0.4924  0.1750  0.4980  0.5250  0.2240  0.000051
epoch:23 0.3731  0.8742  0.2113  0.1725  0.3723  0.4945  0.1103  0.4606  0.4838  0.1833  0.4890  0.5188  0.2242  0.000020
epoch:24 0.3668  0.8801  0.2111  0.1519  0.3661  0.4816  0.1124  0.4593  0.4845  0.1833  0.4897  0.5188  0.2237  0.000020
epoch:25 0.3626  0.8674  0.1945  0.1643  0.3618  0.4888  0.1099  0.4564  0.4838  0.1750  0.4890  0.5250  0.2205  0.000020
epoch:26 0.3667  0.8588  0.2197  0.1622  0.3637  0.5149  0.1120  0.4532  0.4793  0.1750  0.4839  0.5375  0.2211  0.000008
epoch:27 0.3695  0.8460  0.1984  0.0848  0.3719  0.4542  0.1110  0.4596  0.4853  0.1250  0.4926  0.4875  0.2219  0.000008
epoch:28 0.3734  0.8769  0.2194  0.1673  0.3730  0.4951  0.1121  0.4596  0.4843  0.1667  0.4900  0.5125  0.2213  0.000008
epoch:29 0.3661  0.8636  0.2065  0.0930  0.3668  0.4894  0.1108  0.4556  0.4813  0.1167  0.4876  0.5188  0.2229  0.000003
epoch:30 0.3656  0.8627  0.2094  0.1049  0.3634  0.5332  0.1128  0.4557  0.4816  0.1250  0.4870  0.5500  0.2201  0.000003
epoch:31 0.3668  0.8659  0.2031  0.1548  0.3644  0.5155  0.1102  0.4593  0.4853  0.1583  0.4902  0.5500  0.2201  0.000003
epoch:32 0.3611  0.8456  0.2143  0.1206  0.3599  0.5192  0.1123  0.4559  0.4819  0.1250  0.4873  0.5500  0.2218  0.000001
epoch:33 0.3735  0.8712  0.2290  0.1240  0.3721  0.5153  0.1115  0.4575  0.4837  0.1667  0.4885  0.5437  0.2182  0.000001
epoch:34 0.3593  0.8592  0.2030  0.1380  0.3581  0.4879  0.1100  0.4532  0.4817  0.1583  0.4873  0.5188  0.2245  0.000001
epoch:35 0.3682  0.8626  0.2227  0.1417  0.3665  0.5161  0.1105  0.4603  0.4872  0.1500  0.4924  0.5500  0.2222  0.000001
epoch:36 0.3678  0.8620  0.2051  0.1549  0.3655  0.5326  0.1118  0.4595  0.4859  0.1583  0.4905  0.5625  0.2210  0.000001
epoch:37 0.3652  0.8461  0.2094  0.1231  0.3630  0.5302  0.1094  0.4588  0.4845  0.1333  0.4893  0.5687  0.2191  0.000001
epoch:38 0.3602  0.8440  0.2163  0.0931  0.3601  0.5033  0.1095  0.4585  0.4840  0.1167  0.4900  0.5375  0.2213  0.000000
epoch:39 0.3754  0.8723  0.2059  0.1109  0.3762  0.4846  0.1107  0.4601  0.4898  0.1250  0.4961  0.5312  0.2215  0.000000
epoch:40 0.3620  0.8657  0.1910  0.1095  0.3640  0.4614  0.1082  0.4553  0.4790  0.1250  0.4858  0.4938  0.2223  0.000000
epoch:41 0.3678  0.8840  0.2038  0.1241  0.3673  0.4684  0.1100  0.4606  0.4863  0.1417  0.4926  0.5125  0.2204  0.000000
epoch:42 0.3728  0.8735  0.2198  0.1087  0.3728  0.4867  0.1132  0.4567  0.4816  0.1333  0.4875  0.5250  0.2218  0.000000
epoch:43 0.3628  0.8627  0.1859  0.0873  0.3631  0.4951  0.1103  0.4517  0.4795  0.1000  0.4858  0.5312  0.2242  0.000000
epoch:44 0.3673  0.8655  0.2101  0.1318  0.3662  0.5166  0.1116  0.4614  0.4877  0.1500  0.4931  0.5437  0.2210  0.000000
epoch:45 0.3713  0.8708  0.2059  0.1742  0.3701  0.4987  0.1105  0.4635  0.4892  0.1833  0.4941  0.5375  0.2216  0.000000
epoch:46 0.3652  0.8579  0.2092  0.1235  0.3639  0.4665  0.1123  0.4544  0.4793  0.1833  0.4851  0.4875  0.2184  0.000000
epoch:47 0.3725  0.8659  0.2180  0.0930  0.3731  0.4892  0.1136  0.4591  0.4866  0.1417  0.4927  0.5188  0.2230  0.000000
epoch:48 0.3702  0.8678  0.2146  0.1519  0.3679  0.5087  0.1103  0.4598  0.4869  0.1583  0.4926  0.5250  0.2230  0.000000
epoch:49 0.3673  0.8650  0.2119  0.1448  0.3656  0.5073  0.1108  0.4562  0.4835  0.1750  0.4883  0.5375  0.2193  0.000000
epoch:50 0.3632  0.8676  0.1979  0.1476  0.3620  0.4984  0.1094  0.4514  0.4808  0.1500  0.4861  0.5312  0.2215  0.000000
epoch:51 0.3736  0.8784  0.2203  0.1396  0.3749  0.4555  0.1147  0.4604  0.4876  0.2167  0.4931  0.4875  0.2222  0.000000
epoch:52 0.3756  0.8717  0.2207  0.1162  0.3747  0.4995  0.1131  0.4591  0.4877  0.2000  0.4922  0.5375  0.2233  0.000000
epoch:53 0.3702  0.8665  0.2151  0.1618  0.3669  0.5272  0.1123  0.4591  0.4882  0.1750  0.4931  0.5437  0.2178  0.000000
epoch:54 0.3704  0.8567  0.2156  0.1106  0.3706  0.4881  0.1115  0.4601  0.4893  0.1667  0.4953  0.5125  0.2207  0.000000
