epoch:0 0.0002  0.0009  0.0000  0.0000  0.0002  0.0000  0.0002  0.0011  0.0291  0.0000  0.0304  0.0000  0.5343  0.005000
epoch:1 0.0013  0.0068  0.0003  0.0000  0.0014  0.0000  0.0041  0.0195  0.0240  0.0000  0.0250  0.0000  0.3056  0.005000
epoch:2 0.0023  0.0137  0.0001  0.0001  0.0031  0.0181  0.0040  0.0150  0.0493  0.0308  0.0496  0.0500  0.3089  0.005000
epoch:3 0.0051  0.0285  0.0000  0.0000  0.0052  0.0220  0.0051  0.0320  0.0840  0.0000  0.0860  0.0591  0.3183  0.001650
epoch:4 0.0072  0.0339  0.0003  0.0000  0.0075  0.0112  0.0074  0.0384  0.1049  0.0000  0.1085  0.0364  0.3126  0.001650
epoch:5 0.0869  0.3282  0.0084  0.0000  0.0875  0.1995  0.0386  0.1588  0.2873  0.0000  0.2905  0.3409  0.3220  0.005000
epoch:6 0.1993  0.6293  0.0485  0.0238  0.2017  0.2832  0.0519  0.2701  0.3577  0.0231  0.3619  0.4045  0.3531  0.005000
epoch:7 0.3048  0.8492  0.1028  0.0781  0.3077  0.3972  0.0691  0.3473  0.4174  0.0846  0.4212  0.4727  0.3640  0.005000
epoch:8 0.3526  0.8783  0.1837  0.0931  0.3527  0.5228  0.0780  0.3880  0.4472  0.0923  0.4495  0.5727  0.3400  0.001650
epoch:9 0.3491  0.8965  0.1431  0.1421  0.3480  0.4922  0.0744  0.3819  0.4429  0.1615  0.4446  0.5455  0.3272  0.001650
epoch:10 0.3776  0.9256  0.1832  0.1143  0.3784  0.4909  0.0769  0.4049  0.4649  0.1308  0.4686  0.5273  0.3172  0.001650
epoch:11 0.3812  0.9308  0.1623  0.1884  0.3814  0.4847  0.0763  0.4111  0.4701  0.2000  0.4730  0.5227  0.3048  0.000545
epoch:12 0.3945  0.9322  0.2267  0.1554  0.3935  0.5433  0.0818  0.4243  0.4814  0.1538  0.4846  0.5591  0.3001  0.000545
epoch:13 0.3866  0.9247  0.2205  0.1109  0.3843  0.5495  0.0807  0.4165  0.4760  0.1154  0.4792  0.5727  0.3013  0.000545
epoch:14 0.4027  0.9372  0.2514  0.1302  0.4039  0.5034  0.0826  0.4257  0.4838  0.1308  0.4880  0.5409  0.2925  0.000180
epoch:15 0.4028  0.9453  0.2522  0.1619  0.4017  0.5436  0.0824  0.4262  0.4834  0.1846  0.4859  0.5682  0.2925  0.000180
epoch:16 0.3955  0.9379  0.2218  0.1758  0.3960  0.5090  0.0811  0.4238  0.4804  0.2000  0.4831  0.5455  0.2881  0.000180
epoch:17 0.4043  0.9418  0.2309  0.1830  0.4061  0.5032  0.0812  0.4261  0.4837  0.1846  0.4866  0.5545  0.2906  0.000059
epoch:18 0.4029  0.9374  0.2395  0.1693  0.4020  0.5515  0.0847  0.4273  0.4848  0.1692  0.4870  0.5909  0.2872  0.000059
epoch:19 0.4029  0.9424  0.2316  0.1782  0.4037  0.5120  0.0838  0.4250  0.4826  0.1769  0.4854  0.5636  0.2878  0.000059
epoch:20 0.3997  0.9330  0.2365  0.1081  0.3996  0.5263  0.0793  0.4269  0.4832  0.1308  0.4866  0.5682  0.2880  0.000020
epoch:21 0.4024  0.9429  0.2386  0.2136  0.4015  0.5210  0.0823  0.4231  0.4807  0.2462  0.4825  0.5545  0.2849  0.000020
epoch:22 0.4075  0.9402  0.2502  0.1493  0.4072  0.5640  0.0848  0.4331  0.4869  0.1538  0.4897  0.5818  0.2873  0.000020
epoch:23 0.4116  0.9373  0.2599  0.1459  0.4108  0.5821  0.0862  0.4353  0.4925  0.1462  0.4948  0.6136  0.2832  0.000006
epoch:24 0.4026  0.9440  0.2429  0.1755  0.4034  0.5217  0.0847  0.4319  0.4854  0.1769  0.4884  0.5591  0.2879  0.000006
