epoch:0 0.0000  0.0000  0.0000  0.0000  0.0000  0.0000  0.0000  0.0000  0.0000  0.0000  0.0000  0.0000  0.5877  0.005000
epoch:1 0.0000  0.0000  0.0000  0.0000  0.0000  0.0000  0.0000  0.0000  0.0000  0.0000  0.0000  0.0000  0.2434  0.005000
epoch:2 0.0002  0.0012  0.0000  0.0000  0.0002  0.0000  0.0000  0.0022  0.0022  0.0000  0.0022  0.0000  0.2444  0.005000
epoch:3 0.0000  0.0000  0.0000  0.0000  0.0000  0.0000  0.0000  0.0000  0.0000  0.0000  0.0000  0.0000  0.2347  0.005000
epoch:4 0.0003  0.0018  0.0000  0.0000  0.0003  0.0000  0.0009  0.0056  0.0133  0.0000  0.0136  0.0000  0.2317  0.005000
epoch:5 0.0248  0.1013  0.0100  0.0000  0.0252  0.0000  0.0183  0.0731  0.1359  0.0000  0.1389  0.0000  0.2244  0.005000
epoch:6 0.0470  0.2112  0.0024  0.0000  0.0480  0.0000  0.0368  0.1303  0.1693  0.0000  0.1731  0.0000  0.2046  0.005000
epoch:7 0.0968  0.4113  0.0044  0.0000  0.0989  0.0000  0.0399  0.1963  0.2740  0.0000  0.2801  0.0000  0.2030  0.005000
epoch:8 0.0999  0.4178  0.0106  0.0000  0.1019  0.8000  0.0396  0.2130  0.3012  0.0000  0.3054  0.8000  0.2150  0.002000
epoch:9 0.0882  0.3670  0.0141  0.0168  0.0895  0.2000  0.0257  0.1898  0.3053  0.0167  0.3111  0.2000  0.2137  0.002000
epoch:10 0.1299  0.4696  0.0118  0.0220  0.1324  0.1000  0.0412  0.2427  0.3303  0.0833  0.3358  0.1000  0.2113  0.002000
epoch:11 0.1492  0.5607  0.0187  0.0505  0.1517  0.5000  0.0613  0.2601  0.3365  0.0500  0.3405  0.8000  0.2198  0.000800
epoch:12 0.1490  0.5641  0.0225  0.0084  0.1519  0.2000  0.0601  0.2610  0.3362  0.0167  0.3421  0.4000  0.2163  0.000800
epoch:13 0.1643  0.6127  0.0340  0.0000  0.1679  0.0000  0.0567  0.2833  0.3365  0.0000  0.3440  0.0000  0.2231  0.000800
epoch:14 0.1622  0.5804  0.0301  0.0168  0.1654  0.2000  0.0610  0.2743  0.3424  0.0167  0.3491  0.2000  0.2218  0.000320
epoch:15 0.1847  0.6211  0.0441  0.0168  0.1882  0.2000  0.0737  0.2907  0.3498  0.0167  0.3566  0.2000  0.2218  0.000320
epoch:16 0.1677  0.6065  0.0270  0.0000  0.1708  0.6000  0.0604  0.2827  0.3399  0.0000  0.3456  0.6000  0.2239  0.000320
epoch:17 0.1692  0.5759  0.0385  0.0000  0.1726  0.2000  0.0663  0.2830  0.3477  0.0000  0.3547  0.2000  0.2236  0.000128
epoch:18 0.1915  0.6273  0.0340  0.0337  0.1953  0.2000  0.0721  0.2960  0.3622  0.0333  0.3687  0.3000  0.2234  0.000128
epoch:19 0.1683  0.6152  0.0256  0.0000  0.1714  0.2000  0.0601  0.2827  0.3303  0.0000  0.3370  0.2000  0.2178  0.000128
epoch:20 0.1941  0.6153  0.0500  0.0000  0.1975  0.5000  0.0718  0.2913  0.3452  0.0000  0.3513  0.5000  0.2250  0.000051
epoch:21 0.1752  0.5675  0.0410  0.0168  0.1784  0.5000  0.0560  0.2994  0.3604  0.0167  0.3665  0.5000  0.2251  0.000051
epoch:22 0.1755  0.6182  0.0338  0.0168  0.1788  0.4500  0.0628  0.2944  0.3529  0.0167  0.3589  0.5000  0.2236  0.000051
epoch:23 0.1655  0.6198  0.0268  0.0000  0.1684  0.4000  0.0582  0.2743  0.3334  0.0000  0.3396  0.4000  0.2223  0.000020
epoch:24 0.1833  0.5915  0.0396  0.0168  0.1865  0.5000  0.0712  0.2926  0.3483  0.0167  0.3541  0.5000  0.2229  0.000020
epoch:25 0.1807  0.5992  0.0528  0.0337  0.1839  0.1500  0.0703  0.2932  0.3616  0.0333  0.3684  0.2000  0.2215  0.000020
epoch:26 0.1803  0.6163  0.0337  0.0337  0.1832  0.4000  0.0635  0.2861  0.3517  0.0333  0.3576  0.4000  0.2203  0.000008
epoch:27 0.1807  0.6660  0.0297  0.0505  0.1839  0.3000  0.0669  0.2954  0.3461  0.0500  0.3519  0.3000  0.2228  0.000008
epoch:28 0.1823  0.6306  0.0349  0.0000  0.1860  0.1000  0.0650  0.2848  0.3415  0.0000  0.3487  0.1000  0.2184  0.000008
epoch:29 0.1832  0.6393  0.0363  0.0168  0.1859  0.5000  0.0731  0.2954  0.3551  0.0333  0.3608  0.5000  0.2208  0.000003
epoch:30 0.1880  0.6473  0.0481  0.0168  0.1916  0.5000  0.0690  0.2916  0.3625  0.0167  0.3687  0.5000  0.2201  0.000003
epoch:31 0.1723  0.6100  0.0295  0.0168  0.1753  0.2000  0.0635  0.2898  0.3467  0.0333  0.3532  0.2000  0.2196  0.000003
epoch:32 0.1810  0.5986  0.0448  0.0168  0.1845  0.4000  0.0709  0.2898  0.3588  0.0167  0.3652  0.4000  0.2216  0.000001
epoch:33 0.1832  0.6356  0.0210  0.0168  0.1862  0.5000  0.0638  0.2851  0.3557  0.0333  0.3614  0.5000  0.2195  0.000001
epoch:34 0.1799  0.6269  0.0275  0.0168  0.1833  0.1500  0.0731  0.2861  0.3415  0.0167  0.3478  0.3000  0.2240  0.000001
epoch:35 0.1721  0.6466  0.0323  0.0000  0.1753  0.3000  0.0650  0.2789  0.3449  0.0000  0.3506  0.6000  0.2243  0.000001
epoch:36 0.1732  0.6089  0.0313  0.0000  0.1764  0.4000  0.0678  0.2793  0.3362  0.0000  0.3424  0.4000  0.2213  0.000001
epoch:37 0.1768  0.6207  0.0309  0.0000  0.1806  0.2000  0.0616  0.2854  0.3375  0.0000  0.3443  0.2000  0.2226  0.000001
epoch:38 0.1831  0.6227  0.0320  0.0337  0.1864  0.1500  0.0641  0.2972  0.3557  0.0333  0.3620  0.3000  0.2222  0.000000
epoch:39 0.1872  0.6283  0.0383  0.0168  0.1907  0.5000  0.0644  0.2938  0.3563  0.0167  0.3623  0.5000  0.2234  0.000000
epoch:40 0.1645  0.6041  0.0269  0.0000  0.1674  0.5000  0.0622  0.2774  0.3319  0.0000  0.3377  0.5000  0.2238  0.000000
epoch:41 0.1777  0.6077  0.0333  0.0000  0.1809  0.7000  0.0700  0.2960  0.3502  0.0000  0.3557  0.7000  0.2241  0.000000
epoch:42 0.1848  0.6327  0.0312  0.0000  0.1888  0.2000  0.0690  0.2910  0.3427  0.0000  0.3497  0.2000  0.2206  0.000000
epoch:43 0.1756  0.6083  0.0299  0.0000  0.1789  0.2000  0.0601  0.2882  0.3489  0.0000  0.3554  0.4000  0.2202  0.000000
epoch:44 0.1647  0.5667  0.0329  0.0337  0.1676  0.3000  0.0579  0.2752  0.3328  0.0333  0.3386  0.3000  0.2240  0.000000
epoch:45 0.1714  0.6190  0.0194  0.0000  0.1747  0.5000  0.0591  0.2864  0.3396  0.0000  0.3456  0.5000  0.2180  0.000000
epoch:46 0.1865  0.6241  0.0378  0.0337  0.1897  0.4000  0.0697  0.2985  0.3582  0.0333  0.3642  0.4000  0.2198  0.000000
epoch:47 0.1824  0.6224  0.0480  0.0000  0.1862  0.4000  0.0650  0.2994  0.3591  0.0000  0.3658  0.4000  0.2243  0.000000
epoch:48 0.1775  0.6102  0.0322  0.0168  0.1804  0.4000  0.0712  0.2950  0.3582  0.0333  0.3642  0.4000  0.2173  0.000000
epoch:49 0.1837  0.6287  0.0391  0.0281  0.1878  0.0000  0.0687  0.2799  0.3437  0.0333  0.3506  0.0000  0.2220  0.000000
epoch:50 0.1743  0.6176  0.0318  0.0000  0.1774  0.4000  0.0632  0.2913  0.3489  0.0000  0.3554  0.4000  0.2223  0.000000
epoch:51 0.1811  0.6384  0.0390  0.0000  0.1846  0.4000  0.0632  0.2904  0.3446  0.0000  0.3509  0.4000  0.2164  0.000000
epoch:52 0.1819  0.6125  0.0340  0.0000  0.1854  0.6000  0.0650  0.2978  0.3529  0.0000  0.3589  0.6000  0.2218  0.000000
epoch:53 0.1933  0.6552  0.0245  0.0000  0.1968  0.5000  0.0638  0.3019  0.3505  0.0000  0.3566  0.5000  0.2242  0.000000
epoch:54 0.1815  0.6110  0.0509  0.0000  0.1851  0.2000  0.0684  0.2923  0.3480  0.0000  0.3551  0.2000  0.2227  0.000000
