epoch:0 0.0000  0.0000  0.0000  0.0000  0.0000  0.0000  0.0000  0.0000  0.0000  0.0000  0.0000  0.0000  0.6212  0.005000
epoch:1 0.0000  0.0000  0.0000  0.0000  0.0000  0.0000  0.0000  0.0000  0.0000  0.0000  0.0000  0.0000  0.2896  0.005000
epoch:2 0.0009  0.0048  0.0005  0.0000  0.0010  0.0000  0.0000  0.0083  0.0304  0.0000  0.0310  0.0000  0.2788  0.005000
epoch:3 0.0019  0.0092  0.0000  0.0000  0.0019  0.0000  0.0030  0.0199  0.0694  0.0000  0.0707  0.0000  0.2810  0.005000
epoch:4 0.0018  0.0099  0.0000  0.0000  0.0019  0.0000  0.0027  0.0183  0.0258  0.0000  0.0263  0.0000  0.2735  0.005000
epoch:5 0.0329  0.1465  0.0035  0.0000  0.0334  0.0000  0.0210  0.0954  0.1823  0.0000  0.1858  0.0000  0.2568  0.005000
epoch:6 0.0486  0.2352  0.0040  0.0000  0.0506  0.0000  0.0239  0.1099  0.2347  0.0000  0.2392  0.0000  0.2552  0.005000
epoch:7 0.1343  0.5124  0.0189  0.0000  0.1369  0.0000  0.0422  0.2339  0.2978  0.0000  0.3036  0.0000  0.2420  0.005000
epoch:8 0.1391  0.5211  0.0230  0.1010  0.1410  0.1000  0.0387  0.2438  0.3675  0.1000  0.3723  0.2000  0.2685  0.002000
epoch:9 0.1397  0.5490  0.0158  0.0000  0.1423  0.4000  0.0390  0.2315  0.3497  0.0000  0.3553  0.4000  0.2779  0.002000
epoch:10 0.1508  0.5824  0.0134  0.0168  0.1534  0.2000  0.0452  0.2575  0.3301  0.0167  0.3356  0.2000  0.2754  0.002000
epoch:11 0.1867  0.6636  0.0172  0.0000  0.1896  0.4000  0.0532  0.2898  0.3608  0.0000  0.3666  0.4000  0.2819  0.000800
epoch:12 0.1788  0.6603  0.0216  0.0000  0.1821  0.1000  0.0492  0.2836  0.3387  0.0000  0.3449  0.1000  0.2767  0.000800
epoch:13 0.1714  0.6183  0.0238  0.0168  0.1747  0.0000  0.0535  0.2640  0.3500  0.0167  0.3564  0.0000  0.2831  0.000800
epoch:14 0.1861  0.6548  0.0306  0.0000  0.1893  0.2000  0.0575  0.2866  0.3616  0.0000  0.3679  0.2000  0.2834  0.000320
epoch:15 0.1993  0.7073  0.0344  0.0168  0.2025  0.5000  0.0543  0.2984  0.3634  0.0167  0.3688  0.5000  0.2792  0.000320
epoch:16 0.2101  0.7231  0.0360  0.0000  0.2130  0.3000  0.0616  0.3097  0.3653  0.0000  0.3715  0.3000  0.2760  0.000320
epoch:17 0.2065  0.7523  0.0385  0.0000  0.2101  0.4000  0.0651  0.2978  0.3452  0.0000  0.3507  0.4000  0.2787  0.000128
epoch:18 0.1988  0.7110  0.0334  0.0000  0.2023  0.3000  0.0599  0.2946  0.3465  0.0000  0.3523  0.3000  0.2824  0.000128
epoch:19 0.2053  0.7011  0.0512  0.0000  0.2085  0.7000  0.0546  0.3062  0.3556  0.0000  0.3605  0.7000  0.2748  0.000128
epoch:20 0.2018  0.7204  0.0308  0.0084  0.2048  0.3000  0.0591  0.2978  0.3505  0.0167  0.3562  0.3000  0.2756  0.000051
epoch:21 0.2191  0.7300  0.0466  0.0000  0.2227  0.5000  0.0683  0.3153  0.3685  0.0000  0.3742  0.5000  0.2761  0.000051
epoch:22 0.2107  0.7439  0.0326  0.0000  0.2138  0.3000  0.0570  0.3083  0.3683  0.0000  0.3745  0.3000  0.2788  0.000051
epoch:23 0.2099  0.7221  0.0385  0.0000  0.2131  0.3000  0.0610  0.3210  0.3669  0.0000  0.3732  0.3000  0.2776  0.000020
epoch:24 0.2036  0.7160  0.0371  0.0000  0.2069  0.4000  0.0610  0.3124  0.3651  0.0000  0.3710  0.4000  0.2768  0.000020
epoch:25 0.2073  0.7305  0.0403  0.0000  0.2105  0.2000  0.0610  0.3097  0.3656  0.0000  0.3721  0.2000  0.2772  0.000020
epoch:26 0.2096  0.7106  0.0359  0.0000  0.2130  0.3000  0.0659  0.3183  0.3731  0.0000  0.3795  0.3000  0.2818  0.000008
epoch:27 0.2139  0.7653  0.0338  0.0000  0.2173  0.2000  0.0664  0.3134  0.3694  0.0000  0.3759  0.2000  0.2750  0.000008
epoch:28 0.2052  0.7583  0.0338  0.0000  0.2082  0.5000  0.0624  0.3051  0.3589  0.0000  0.3644  0.5000  0.2800  0.000008
epoch:29 0.2131  0.7267  0.0451  0.0168  0.2163  0.3000  0.0667  0.3132  0.3616  0.0167  0.3674  0.3000  0.2801  0.000003
epoch:30 0.2071  0.7373  0.0336  0.0000  0.2103  0.3000  0.0554  0.3124  0.3616  0.0000  0.3677  0.3000  0.2797  0.000003
epoch:31 0.2141  0.7299  0.0333  0.0000  0.2175  0.3000  0.0675  0.3099  0.3734  0.0000  0.3797  0.3000  0.2778  0.000003
epoch:32 0.2230  0.7370  0.0518  0.0000  0.2263  0.3000  0.0651  0.3148  0.3696  0.0000  0.3759  0.3000  0.2797  0.000001
epoch:33 0.2027  0.7326  0.0301  0.0168  0.2057  0.4000  0.0599  0.2960  0.3532  0.0333  0.3584  0.4000  0.2776  0.000001
epoch:34 0.2256  0.7478  0.0433  0.0000  0.2294  0.3000  0.0667  0.3272  0.3755  0.0000  0.3819  0.3000  0.2785  0.000001
epoch:35 0.2125  0.7279  0.0381  0.0000  0.2158  0.4000  0.0696  0.3040  0.3626  0.0000  0.3685  0.4000  0.2779  0.000001
epoch:36 0.2143  0.7640  0.0365  0.0168  0.2174  0.4000  0.0599  0.3102  0.3594  0.0167  0.3649  0.4000  0.2779  0.000001
epoch:37 0.2141  0.7531  0.0396  0.0168  0.2175  0.2000  0.0610  0.3121  0.3578  0.0167  0.3638  0.2000  0.2765  0.000001
epoch:38 0.2081  0.7137  0.0415  0.0000  0.2115  0.4000  0.0634  0.3129  0.3699  0.0000  0.3759  0.4000  0.2794  0.000000
epoch:39 0.2121  0.7388  0.0313  0.0000  0.2153  0.4000  0.0621  0.3194  0.3632  0.0000  0.3690  0.4000  0.2757  0.000000
epoch:40 0.2159  0.7558  0.0361  0.0168  0.2197  0.3000  0.0605  0.3188  0.3745  0.0167  0.3805  0.3000  0.2806  0.000000
epoch:41 0.2168  0.7519  0.0430  0.0168  0.2201  0.3000  0.0618  0.3148  0.3637  0.0167  0.3696  0.3000  0.2798  0.000000
epoch:42 0.1962  0.7301  0.0312  0.0000  0.1992  0.3000  0.0602  0.3008  0.3511  0.0000  0.3570  0.3000  0.2718  0.000000
epoch:43 0.2038  0.7216  0.0221  0.0168  0.2071  0.2000  0.0591  0.2987  0.3473  0.0167  0.3532  0.2000  0.2782  0.000000
epoch:44 0.2165  0.7274  0.0283  0.0000  0.2201  0.5000  0.0624  0.3132  0.3774  0.0000  0.3833  0.5000  0.2803  0.000000
epoch:45 0.2100  0.7354  0.0430  0.0463  0.2132  0.2000  0.0616  0.3145  0.3672  0.0500  0.3729  0.2000  0.2778  0.000000
epoch:46 0.1914  0.6803  0.0309  0.0000  0.1945  0.5000  0.0556  0.3040  0.3559  0.0000  0.3614  0.5000  0.2784  0.000000
epoch:47 0.2172  0.7382  0.0388  0.0000  0.2208  0.3000  0.0683  0.3132  0.3672  0.0000  0.3734  0.3000  0.2734  0.000000
epoch:48 0.2135  0.7592  0.0364  0.0000  0.2169  0.3000  0.0608  0.3108  0.3591  0.0000  0.3652  0.3000  0.2777  0.000000
epoch:49 0.2126  0.7442  0.0296  0.0000  0.2155  0.4000  0.0608  0.3140  0.3645  0.0000  0.3704  0.4000  0.2767  0.000000
epoch:50 0.2139  0.7529  0.0308  0.0000  0.2173  0.3000  0.0642  0.3164  0.3739  0.0000  0.3803  0.3000  0.2765  0.000000
epoch:51 0.2153  0.7416  0.0328  0.0000  0.2192  0.1000  0.0642  0.3121  0.3656  0.0000  0.3723  0.1000  0.2764  0.000000
epoch:52 0.2058  0.7080  0.0373  0.0000  0.2098  0.0000  0.0616  0.3030  0.3548  0.0000  0.3616  0.0000  0.2836  0.000000
epoch:53 0.2071  0.7393  0.0405  0.0168  0.2110  0.0000  0.0556  0.3051  0.3699  0.0333  0.3764  0.0000  0.2774  0.000000
epoch:54 0.2219  0.7280  0.0435  0.0000  0.2254  0.3000  0.0661  0.3177  0.3790  0.0000  0.3855  0.3000  0.2813  0.000000
