epoch:0 0.0000  0.0000  0.0000  0.0000  0.0000  0.0000  0.0000  0.0000  0.0000  0.0000  0.0000  0.0000  0.7539  0.006000
epoch:1 0.0000  0.0000  0.0000  0.0000  0.0000  0.0000  0.0000  0.0000  0.0000  0.0000  0.0000  0.0000  0.2911  0.006000
epoch:2 0.0000  0.0000  0.0000  0.0000  0.0000  0.0000  0.0000  0.0000  0.0000  0.0000  0.0000  0.0000  0.1747  0.006000
epoch:3 0.0000  0.0000  0.0000  0.0000  0.0000  0.0000  0.0000  0.0000  0.0033  0.0000  0.0039  0.0000  0.1369  0.006000
epoch:4 0.0032  0.0287  0.0000  0.0000  0.0036  0.0091  0.0044  0.0143  0.0495  0.0000  0.0519  0.0500  0.1294  0.006000
epoch:5 0.0088  0.0490  0.0000  0.0000  0.0094  0.0996  0.0143  0.1099  0.1462  0.0000  0.1506  0.1700  0.1044  0.006000
epoch:6 0.0090  0.0383  0.0008  0.0000  0.0102  0.1005  0.0330  0.1275  0.2088  0.0000  0.2195  0.2100  0.1020  0.006000
epoch:7 0.0198  0.0843  0.0058  0.0000  0.0235  0.1596  0.0484  0.1681  0.2692  0.0000  0.2766  0.3200  0.1024  0.006000
epoch:8 0.0164  0.0584  0.0071  0.0000  0.0205  0.1541  0.0330  0.1637  0.2319  0.0000  0.2468  0.2100  0.1078  0.001980
epoch:9 0.0284  0.0846  0.0212  0.0000  0.0337  0.0886  0.0462  0.1857  0.2593  0.0000  0.2727  0.2600  0.1073  0.001980
epoch:10 0.0331  0.1011  0.0218  0.0000  0.0381  0.1129  0.0648  0.1945  0.2670  0.0000  0.2857  0.2300  0.1032  0.001980
epoch:11 0.0333  0.0982  0.0211  0.0000  0.0381  0.1229  0.0758  0.1912  0.2538  0.0000  0.2740  0.2000  0.1031  0.000653
epoch:12 0.0351  0.1111  0.0214  0.0000  0.0398  0.1601  0.0780  0.1989  0.2692  0.0000  0.2857  0.2500  0.0937  0.000653
epoch:13 0.0360  0.1108  0.0214  0.0000  0.0403  0.1641  0.0780  0.1879  0.2681  0.0000  0.2805  0.2800  0.0996  0.000653
epoch:14 0.0310  0.1159  0.0118  0.0000  0.0353  0.1434  0.0780  0.1901  0.2670  0.0000  0.2805  0.2700  0.1049  0.000216
epoch:15 0.0317  0.1124  0.0117  0.0000  0.0356  0.1491  0.0846  0.1978  0.2648  0.0000  0.2805  0.2500  0.1001  0.000216
epoch:16 0.0376  0.1242  0.0115  0.0000  0.0417  0.1589  0.0956  0.2022  0.2791  0.0000  0.2935  0.2800  0.1021  0.000216
epoch:17 0.0385  0.1274  0.0108  0.0000  0.0420  0.1644  0.1022  0.1967  0.2791  0.0000  0.2896  0.3100  0.0912  0.000071
epoch:18 0.0377  0.1215  0.0117  0.0000  0.0423  0.1427  0.0945  0.1978  0.2670  0.0000  0.2883  0.2100  0.0956  0.000071
epoch:19 0.0343  0.1221  0.0114  0.0000  0.0391  0.1294  0.0879  0.1923  0.2560  0.0000  0.2766  0.2000  0.0994  0.000071
epoch:20 0.0371  0.1310  0.0109  0.0000  0.0411  0.1420  0.0923  0.1901  0.2571  0.0000  0.2766  0.2100  0.1011  0.000023
epoch:21 0.0401  0.1253  0.0216  0.0000  0.0445  0.1409  0.0923  0.1923  0.2703  0.0000  0.2870  0.2500  0.1009  0.000023
epoch:22 0.0357  0.1275  0.0117  0.0000  0.0398  0.1404  0.0956  0.1890  0.2560  0.0000  0.2766  0.2000  0.1006  0.000023
epoch:23 0.0404  0.1259  0.0119  0.0000  0.0445  0.1498  0.1000  0.2044  0.2769  0.0000  0.2974  0.2300  0.0946  0.000008
epoch:24 0.0409  0.1306  0.0113  0.0000  0.0459  0.1493  0.1000  0.1989  0.2670  0.0000  0.2857  0.2300  0.0970  0.000008
epoch:25 0.0385  0.1274  0.0119  0.0000  0.0431  0.1326  0.0802  0.1923  0.2637  0.0000  0.2844  0.2100  0.0975  0.000008
epoch:26 0.0389  0.1285  0.0122  0.0000  0.0431  0.1471  0.0846  0.2044  0.2692  0.0000  0.2857  0.2500  0.1016  0.000003
epoch:27 0.0380  0.1268  0.0116  0.0000  0.0429  0.1502  0.1055  0.1934  0.2659  0.0000  0.2883  0.2000  0.0988  0.000003
epoch:28 0.0397  0.1339  0.0127  0.0000  0.0442  0.1376  0.0901  0.2022  0.2747  0.0000  0.2896  0.2700  0.0988  0.000003
epoch:29 0.0396  0.1358  0.0118  0.0000  0.0442  0.1255  0.1011  0.2022  0.2681  0.0000  0.2909  0.2000  0.1040  0.000001
epoch:30 0.0391  0.1319  0.0124  0.0000  0.0430  0.1408  0.0967  0.1901  0.2604  0.0000  0.2792  0.2200  0.0988  0.000001
epoch:31 0.0378  0.1200  0.0120  0.0000  0.0426  0.1328  0.1022  0.1978  0.2681  0.0000  0.2896  0.2100  0.0965  0.000001
epoch:32 0.0390  0.1227  0.0121  0.0000  0.0439  0.1585  0.0857  0.2033  0.2791  0.0000  0.2935  0.2800  0.0968  0.000000
epoch:33 0.0365  0.1266  0.0121  0.0000  0.0410  0.1310  0.0923  0.1978  0.2736  0.0000  0.2948  0.2200  0.0996  0.000000
epoch:34 0.0385  0.1251  0.0115  0.0000  0.0429  0.1394  0.0846  0.1912  0.2626  0.0000  0.2805  0.2300  0.1011  0.000000
