epoch:0 0.0000  0.0000  0.0000  0.0000  0.0000  0.0000  0.0000  0.0000  0.0000  0.0000  0.0000  0.0000  11.2662  0.005000
epoch:1 0.0000  0.0000  0.0000  0.0000  0.0000  0.0000  0.0000  0.0000  0.0000  0.0000  0.0000  0.0000  26.4159  0.005000
epoch:2 0.0000  0.0000  0.0000  0.0000  0.0000  0.0000  0.0000  0.0000  0.0000  0.0000  0.0000  0.0000  1.5184  0.005000
epoch:3 0.0000  0.0000  0.0000  0.0000  0.0000  0.0000  0.0000  0.0000  0.0000  0.0000  0.0000  0.0000  0.4878  0.005000
epoch:4 0.0000  0.0000  0.0000  0.0000  0.0000  0.0000  0.0000  0.0000  0.0000  0.0000  0.0000  0.0000  0.3890  0.005000
epoch:5 0.0000  0.0000  0.0000  0.0000  0.0000  0.0000  0.0000  0.0000  0.0000  0.0000  0.0000  0.0000  0.6089  0.005000
epoch:6 0.0000  0.0000  0.0000  0.0000  0.0000  0.0000  0.0000  0.0000  0.0000  0.0000  0.0000  0.0000  0.1778  0.005000
epoch:7 0.0000  0.0002  0.0000  0.0000  0.0001  0.0014  0.0000  0.0000  0.0121  0.0000  0.0130  0.0100  0.6544  0.005000
epoch:8 0.0002  0.0009  0.0000  0.0000  0.0002  0.0624  0.0000  0.0000  0.0110  0.0000  0.0052  0.0600  0.1536  0.001650
epoch:9 0.0030  0.0137  0.0002  0.0002  0.0056  0.1996  0.0000  0.0187  0.1363  0.0500  0.1325  0.2000  0.1346  0.001650
epoch:10 0.0136  0.0498  0.0000  0.0006  0.0153  0.1746  0.0077  0.1264  0.1857  0.0750  0.1844  0.2400  0.1108  0.001650
epoch:11 0.0163  0.0745  0.0002  0.0002  0.0186  0.0581  0.0319  0.1000  0.1791  0.0750  0.1805  0.2100  0.1124  0.000545
epoch:12 0.0168  0.0808  0.0005  0.0009  0.0181  0.0787  0.0319  0.1088  0.1769  0.1250  0.1701  0.2500  0.1132  0.000545
epoch:13 0.0284  0.1371  0.0015  0.0001  0.0292  0.0609  0.0363  0.1582  0.2033  0.0250  0.2065  0.2500  0.1084  0.000545
epoch:14 0.0269  0.1215  0.0006  0.0002  0.0276  0.0499  0.0516  0.1385  0.1945  0.0500  0.2000  0.2100  0.1163  0.000180
epoch:15 0.0246  0.1138  0.0002  0.0000  0.0248  0.0373  0.0363  0.1242  0.1571  0.0000  0.1649  0.1600  0.0987  0.000180
epoch:16 0.0275  0.1281  0.0003  0.0000  0.0285  0.0348  0.0505  0.1209  0.1758  0.0000  0.1883  0.1500  0.1039  0.000180
epoch:17 0.0284  0.1186  0.0005  0.0000  0.0286  0.0464  0.0440  0.1264  0.1780  0.0000  0.1909  0.1500  0.1044  0.000059
epoch:18 0.0262  0.1051  0.0003  0.0000  0.0225  0.0530  0.0451  0.1330  0.1912  0.0000  0.2052  0.1600  0.1084  0.000059
epoch:19 0.0278  0.1213  0.0003  0.0000  0.0250  0.0483  0.0527  0.1209  0.1934  0.0000  0.2104  0.1400  0.1109  0.000059
epoch:20 0.0276  0.1216  0.0003  0.0000  0.0246  0.0482  0.0495  0.1275  0.1846  0.0000  0.2000  0.1400  0.1040  0.000020
epoch:21 0.0270  0.1213  0.0003  0.0000  0.0232  0.0528  0.0495  0.1220  0.1857  0.0000  0.2013  0.1400  0.1042  0.000020
epoch:22 0.0271  0.1180  0.0003  0.0000  0.0236  0.0491  0.0495  0.1253  0.1912  0.0000  0.2065  0.1500  0.1058  0.000020
epoch:23 0.0274  0.1204  0.0003  0.0000  0.0241  0.0486  0.0484  0.1231  0.1890  0.0000  0.2052  0.1400  0.1028  0.000006
epoch:24 0.0241  0.1066  0.0003  0.0000  0.0235  0.0465  0.0462  0.1231  0.1890  0.0000  0.2052  0.1400  0.1069  0.000006
epoch:25 0.0243  0.1075  0.0003  0.0000  0.0237  0.0497  0.0396  0.1209  0.1890  0.0000  0.2039  0.1500  0.1044  0.000006
epoch:26 0.0265  0.1072  0.0102  0.0000  0.0234  0.0820  0.0352  0.1308  0.1868  0.0000  0.1974  0.1800  0.1043  0.000002
epoch:27 0.0240  0.1087  0.0003  0.0000  0.0235  0.0502  0.0396  0.1275  0.1868  0.0000  0.2013  0.1500  0.1030  0.000002
epoch:28 0.0238  0.1076  0.0003  0.0000  0.0233  0.0474  0.0418  0.1253  0.1923  0.0000  0.2078  0.1500  0.0990  0.000002
epoch:29 0.0273  0.1186  0.0003  0.0000  0.0238  0.0483  0.0462  0.1231  0.1890  0.0000  0.2052  0.1400  0.1025  0.000001
epoch:30 0.0236  0.1074  0.0003  0.0000  0.0230  0.0499  0.0407  0.1275  0.1868  0.0000  0.2013  0.1500  0.1097  0.000001
epoch:31 0.0267  0.1078  0.0102  0.0000  0.0235  0.0744  0.0363  0.1319  0.1879  0.0000  0.2000  0.1700  0.1036  0.000001
epoch:32 0.0254  0.1049  0.0102  0.0000  0.0224  0.0757  0.0352  0.1286  0.1835  0.0000  0.1935  0.1800  0.1067  0.000000
epoch:33 0.0270  0.1123  0.0102  0.0000  0.0235  0.0823  0.0363  0.1319  0.1868  0.0000  0.1974  0.1800  0.1059  0.000000
epoch:34 0.0240  0.1070  0.0003  0.0000  0.0236  0.0464  0.0429  0.1242  0.1890  0.0000  0.2052  0.1400  0.1054  0.000000
