epoch:0 0.0000  0.0000  0.0000  -1.0000  0.0000  0.0000  0.0000  0.0000  0.0000  -1.0000  0.0000  0.0000  0.7043  0.005000
epoch:1 0.0000  0.0000  0.0000  -1.0000  0.0000  0.0000  0.0000  0.0000  0.0000  -1.0000  0.0000  0.0000  0.1647  0.005000
epoch:2 0.0000  0.0000  0.0000  -1.0000  0.0000  0.0000  0.0000  0.0000  0.0000  -1.0000  0.0000  0.0000  0.1331  0.005000
epoch:3 0.0006  0.0050  0.0000  -1.0000  0.0000  0.0055  0.0000  0.0029  0.0059  -1.0000  0.0000  0.0083  0.1756  0.005000
epoch:4 0.0000  0.0000  0.0000  -1.0000  0.0000  0.0000  0.0000  0.0000  0.0000  -1.0000  0.0000  0.0000  0.1683  0.005000
epoch:5 0.0000  0.0000  0.0000  -1.0000  0.0000  0.0000  0.0000  0.0000  0.0000  -1.0000  0.0000  0.0000  0.1767  0.010000
epoch:6 0.0000  0.0000  0.0000  -1.0000  0.0000  0.0000  0.0000  0.0000  0.0000  -1.0000  0.0000  0.0000  0.1757  0.010000
epoch:7 0.0493  0.1594  0.0171  -1.0000  0.1545  0.0507  0.1588  0.3294  0.3676  -1.0000  0.4100  0.3500  0.1811  0.010000
epoch:8 0.0882  0.2232  0.0485  -1.0000  0.1363  0.0732  0.1941  0.3618  0.3618  -1.0000  0.3500  0.3667  0.1720  0.003300
epoch:9 0.0859  0.2833  0.0313  -1.0000  0.1525  0.0845  0.2265  0.3618  0.3618  -1.0000  0.3900  0.3500  0.1645  0.003300
epoch:10 0.1341  0.3437  0.0207  -1.0000  0.1678  0.1298  0.2265  0.3765  0.3765  -1.0000  0.3700  0.3792  0.1574  0.003300
epoch:11 0.1729  0.4540  0.0581  -1.0000  0.2570  0.1472  0.2882  0.3794  0.3794  -1.0000  0.3900  0.3750  0.1518  0.001089
epoch:12 0.1394  0.4452  0.0318  -1.0000  0.2536  0.1220  0.2324  0.3676  0.3676  -1.0000  0.4300  0.3417  0.1500  0.001089
epoch:13 0.1635  0.4548  0.0882  -1.0000  0.2377  0.1514  0.2794  0.3706  0.3706  -1.0000  0.3500  0.3792  0.1543  0.001089
epoch:14 0.1772  0.5036  0.0351  -1.0000  0.2575  0.1524  0.3029  0.4059  0.4088  -1.0000  0.4000  0.4125  0.1520  0.000359
epoch:15 0.1692  0.4619  0.1018  -1.0000  0.1986  0.1757  0.3118  0.4088  0.4088  -1.0000  0.3600  0.4292  0.1452  0.000359
epoch:16 0.1915  0.4554  0.0882  -1.0000  0.2230  0.1924  0.3647  0.4706  0.4706  -1.0000  0.4300  0.4875  0.1466  0.000359
epoch:17 0.1563  0.4956  0.0128  -1.0000  0.1933  0.1484  0.2382  0.3765  0.3765  -1.0000  0.3400  0.3917  0.1505  0.000119
epoch:18 0.1778  0.5230  0.0252  -1.0000  0.2008  0.1747  0.2765  0.3765  0.3882  -1.0000  0.3700  0.3958  0.1455  0.000119
epoch:19 0.1608  0.5118  0.0680  -1.0000  0.1915  0.1636  0.2647  0.4588  0.4588  -1.0000  0.3600  0.5000  0.1454  0.000119
epoch:20 0.1947  0.5869  0.0411  -1.0000  0.2485  0.1838  0.2794  0.3912  0.3912  -1.0000  0.3200  0.4208  0.1468  0.000039
epoch:21 0.1569  0.5038  0.0288  -1.0000  0.1544  0.1677  0.2441  0.4000  0.4000  -1.0000  0.3100  0.4375  0.1479  0.000039
epoch:22 0.1562  0.4409  0.0398  -1.0000  0.1757  0.1695  0.3235  0.4235  0.4235  -1.0000  0.3500  0.4542  0.1459  0.000039
epoch:23 0.1785  0.5345  0.0708  -1.0000  0.1775  0.1853  0.2853  0.4059  0.4059  -1.0000  0.3200  0.4417  0.1451  0.000013
epoch:24 0.1945  0.5527  0.0769  -1.0000  0.2727  0.1787  0.3000  0.4088  0.4176  -1.0000  0.4300  0.4125  0.1425  0.000013
epoch:25 0.1864  0.5422  0.0407  -1.0000  0.2335  0.1742  0.3088  0.4000  0.4000  -1.0000  0.3600  0.4167  0.1478  0.000013
epoch:26 0.1856  0.5380  0.0135  -1.0000  0.2410  0.1698  0.3176  0.4176  0.4176  -1.0000  0.3400  0.4500  0.1440  0.000004
epoch:27 0.1714  0.5113  0.0576  -1.0000  0.1623  0.1848  0.3235  0.4529  0.4529  -1.0000  0.3300  0.5042  0.1427  0.000004
epoch:28 0.1466  0.5001  0.0272  -1.0000  0.1983  0.1438  0.2882  0.4000  0.4088  -1.0000  0.3400  0.4375  0.1435  0.000004
epoch:29 0.1774  0.5189  0.0320  -1.0000  0.2110  0.1710  0.2912  0.4029  0.4029  -1.0000  0.3400  0.4292  0.1466  0.000001
epoch:30 0.1589  0.4546  0.0196  -1.0000  0.1604  0.1686  0.2794  0.3794  0.3794  -1.0000  0.2800  0.4208  0.1419  0.000001
epoch:31 0.1725  0.5079  0.0576  -1.0000  0.2076  0.1667  0.3294  0.4147  0.4206  -1.0000  0.3500  0.4500  0.1473  0.000001
epoch:32 0.1862  0.5582  0.0040  -1.0000  0.2202  0.1809  0.2735  0.3471  0.3471  -1.0000  0.3200  0.3583  0.1425  0.000000
epoch:33 0.1972  0.5239  0.0824  -1.0000  0.2510  0.1842  0.3059  0.4029  0.4118  -1.0000  0.3600  0.4333  0.1413  0.000000
epoch:34 0.1682  0.5764  0.0083  -1.0000  0.1479  0.1911  0.2794  0.3706  0.3706  -1.0000  0.2700  0.4125  0.1459  0.000000
