epoch:0 0.0002  0.0016  0.0000  0.0005  0.0002  0.0000  0.0005  0.0046  0.0080  0.0024  0.0085  0.0000  0.5135  0.005000
epoch:1 0.0022  0.0100  0.0000  0.0017  0.0022  0.0177  0.0034  0.0137  0.0314  0.0095  0.0328  0.0227  0.3056  0.005000
epoch:2 0.0053  0.0240  0.0003  0.0015  0.0046  0.1213  0.0093  0.0310  0.0671  0.0071  0.0681  0.1409  0.3053  0.005000
epoch:3 0.0133  0.0586  0.0008  0.0000  0.0124  0.1244  0.0188  0.0503  0.1104  0.0000  0.1124  0.2455  0.3187  0.005000
epoch:4 0.0126  0.0579  0.0010  0.0015  0.0110  0.1266  0.0138  0.0522  0.1107  0.0024  0.1128  0.2364  0.3154  0.005000
epoch:5 0.1151  0.4269  0.0179  0.0029  0.1176  0.2542  0.0393  0.1919  0.3140  0.0143  0.3285  0.3682  0.3374  0.005000
epoch:6 0.1244  0.4955  0.0083  0.0014  0.1316  0.1568  0.0285  0.1957  0.3272  0.0190  0.3413  0.4045  0.3508  0.005000
epoch:7 0.2531  0.7646  0.0565  0.0106  0.2619  0.3874  0.0556  0.2950  0.3799  0.1024  0.3924  0.4545  0.3540  0.005000
epoch:8 0.3438  0.8452  0.1608  0.0691  0.3538  0.4807  0.0753  0.3678  0.4382  0.1667  0.4505  0.5045  0.3373  0.002500
epoch:9 0.3276  0.8652  0.1295  0.0655  0.3384  0.4424  0.0702  0.3663  0.4364  0.1714  0.4494  0.4682  0.3217  0.002500
epoch:10 0.2893  0.8285  0.1052  0.0617  0.2964  0.4166  0.0637  0.3378  0.3896  0.1667  0.4000  0.4318  0.3173  0.002500
epoch:11 0.3881  0.8917  0.2280  0.0599  0.4019  0.4587  0.0790  0.4119  0.4783  0.1762  0.4931  0.5136  0.3020  0.001250
epoch:12 0.3855  0.8825  0.2250  0.0569  0.3990  0.4965  0.0804  0.4143  0.4764  0.1286  0.4931  0.5318  0.3033  0.001250
epoch:13 0.3811  0.8867  0.1976  0.0659  0.3926  0.5295  0.0757  0.4137  0.4776  0.1167  0.4942  0.5636  0.2957  0.001250
epoch:14 0.4000  0.8798  0.2446  0.0721  0.4140  0.4894  0.0790  0.4226  0.4922  0.1524  0.5085  0.5455  0.2921  0.000625
epoch:15 0.3922  0.8933  0.2493  0.0647  0.4070  0.4563  0.0796  0.4187  0.4855  0.1262  0.5039  0.5045  0.2863  0.000625
epoch:16 0.3977  0.8949  0.2417  0.0649  0.4097  0.5336  0.0814  0.4242  0.4891  0.1238  0.5058  0.5773  0.2870  0.000625
epoch:17 0.3928  0.8971  0.2213  0.0742  0.4058  0.4730  0.0804  0.4190  0.4820  0.1429  0.4991  0.5091  0.2832  0.000313
epoch:18 0.4022  0.8918  0.2626  0.0640  0.4172  0.4488  0.0775  0.4274  0.4905  0.1429  0.5093  0.4727  0.2804  0.000313
epoch:19 0.3960  0.8954  0.2420  0.0600  0.4095  0.4931  0.0817  0.4194  0.4825  0.1286  0.4992  0.5500  0.2761  0.000313
epoch:20 0.4014  0.9013  0.2267  0.0739  0.4141  0.4770  0.0832  0.4274  0.4949  0.1643  0.5120  0.5000  0.2788  0.000156
epoch:21 0.4042  0.8894  0.2592  0.0691  0.4180  0.4979  0.0819  0.4280  0.4939  0.1214  0.5120  0.5455  0.2751  0.000156
epoch:22 0.4066  0.9020  0.2580  0.0670  0.4207  0.4817  0.0799  0.4314  0.4968  0.1405  0.5155  0.4955  0.2733  0.000156
epoch:23 0.4050  0.8986  0.2738  0.0570  0.4171  0.5269  0.0790  0.4298  0.4962  0.1405  0.5135  0.5455  0.2734  0.000078
epoch:24 0.4068  0.8989  0.2732  0.0630  0.4223  0.4609  0.0818  0.4314  0.4975  0.1214  0.5174  0.4955  0.2736  0.000078
epoch:25 0.4035  0.9012  0.2429  0.0681  0.4171  0.4806  0.0775  0.4301  0.4970  0.1571  0.5145  0.5136  0.2707  0.000078
epoch:26 0.4096  0.9003  0.2814  0.0672  0.4252  0.4666  0.0848  0.4328  0.4975  0.1429  0.5157  0.5136  0.2753  0.000039
epoch:27 0.4077  0.9023  0.2815  0.0678  0.4213  0.4887  0.0798  0.4328  0.4968  0.1262  0.5152  0.5364  0.2741  0.000039
epoch:28 0.4076  0.8980  0.2726  0.0726  0.4197  0.4955  0.0798  0.4314  0.4954  0.1667  0.5120  0.5182  0.2733  0.000039
epoch:29 0.4085  0.9048  0.2676  0.0645  0.4209  0.5008  0.0807  0.4333  0.4998  0.1643  0.5166  0.5273  0.2724  0.000020
epoch:30 0.4082  0.8998  0.2654  0.0741  0.4204  0.5110  0.0807  0.4326  0.5000  0.1619  0.5167  0.5364  0.2706  0.000020
epoch:31 0.4086  0.9026  0.2642  0.0583  0.4217  0.5008  0.0775  0.4301  0.4988  0.1810  0.5149  0.5182  0.2723  0.000020
epoch:32 0.4060  0.9004  0.2691  0.0623  0.4199  0.4999  0.0793  0.4303  0.4970  0.1500  0.5144  0.5273  0.2705  0.000010
epoch:33 0.4039  0.8996  0.2510  0.0579  0.4180  0.4939  0.0783  0.4317  0.4958  0.1214  0.5148  0.5227  0.2730  0.000010
epoch:34 0.4071  0.9005  0.2529  0.0777  0.4197  0.5019  0.0800  0.4298  0.4968  0.1429  0.5141  0.5409  0.2720  0.000010
epoch:35 0.4083  0.9032  0.2631  0.0639  0.4231  0.4832  0.0811  0.4335  0.4989  0.1190  0.5184  0.5182  0.2710  0.000005
epoch:36 0.4100  0.8996  0.2852  0.0461  0.4251  0.4886  0.0801  0.4354  0.4994  0.1452  0.5171  0.5318  0.2733  0.000005
epoch:37 0.4089  0.9002  0.2721  0.0483  0.4242  0.4786  0.0787  0.4327  0.4996  0.1548  0.5172  0.5182  0.2709  0.000005
epoch:38 0.4060  0.8990  0.2617  0.0628  0.4193  0.5016  0.0805  0.4326  0.4962  0.1500  0.5136  0.5227  0.2710  0.000002
epoch:39 0.4024  0.9019  0.2441  0.0637  0.4173  0.4773  0.0800  0.4287  0.4940  0.1476  0.5123  0.4955  0.2703  0.000002
epoch:40 0.4073  0.9030  0.2639  0.0600  0.4207  0.5112  0.0829  0.4307  0.4976  0.1262  0.5161  0.5364  0.2700  0.000002
epoch:41 0.4144  0.8964  0.2875  0.0652  0.4288  0.4953  0.0840  0.4378  0.5020  0.1381  0.5199  0.5455  0.2726  0.000001
epoch:42 0.4122  0.8996  0.2864  0.0750  0.4262  0.4976  0.0863  0.4341  0.4976  0.1429  0.5148  0.5500  0.2757  0.000001
epoch:43 0.4085  0.9007  0.2817  0.0713  0.4224  0.4919  0.0805  0.4316  0.4977  0.1357  0.5157  0.5364  0.2729  0.000001
epoch:44 0.4117  0.9039  0.2684  0.0649  0.4265  0.5094  0.0824  0.4320  0.4996  0.1405  0.5168  0.5591  0.2704  0.000001
epoch:45 0.4071  0.8993  0.2740  0.0511  0.4205  0.5045  0.0786  0.4357  0.4993  0.1405  0.5174  0.5273  0.2736  0.000001
epoch:46 0.4075  0.9015  0.2559  0.0669  0.4203  0.4768  0.0789  0.4304  0.4965  0.1619  0.5137  0.5091  0.2718  0.000001
epoch:47 0.4044  0.9013  0.2635  0.0563  0.4190  0.4866  0.0783  0.4275  0.4939  0.1333  0.5123  0.5136  0.2721  0.000000
epoch:48 0.4124  0.8986  0.2859  0.0665  0.4269  0.4874  0.0820  0.4339  0.4987  0.1524  0.5159  0.5364  0.2714  0.000000
epoch:49 0.4038  0.8951  0.2513  0.0599  0.4161  0.4961  0.0782  0.4292  0.4966  0.1595  0.5133  0.5318  0.2741  0.000000
epoch:50 0.4132  0.8930  0.2853  0.0775  0.4269  0.4795  0.0828  0.4331  0.4992  0.1524  0.5170  0.5136  0.2738  0.000000
epoch:51 0.4147  0.9019  0.2685  0.0661  0.4300  0.4767  0.0838  0.4339  0.5018  0.1452  0.5199  0.5227  0.2732  0.000000
epoch:52 0.4124  0.8995  0.2808  0.0754  0.4258  0.5112  0.0838  0.4332  0.4989  0.1738  0.5146  0.5455  0.2696  0.000000
epoch:53 0.4126  0.8979  0.2768  0.0609  0.4270  0.5119  0.0835  0.4349  0.4986  0.1548  0.5150  0.5545  0.2731  0.000000
epoch:54 0.4053  0.9049  0.2532  0.0783  0.4182  0.4884  0.0788  0.4310  0.4962  0.1571  0.5135  0.5182  0.2708  0.000000
epoch:55 0.4069  0.8930  0.2790  0.0595  0.4198  0.5202  0.0788  0.4298  0.4940  0.1143  0.5127  0.5409  0.2700  0.000000
epoch:56 0.4072  0.9013  0.2786  0.0521  0.4205  0.5014  0.0787  0.4310  0.4974  0.1429  0.5155  0.5136  0.2736  0.000000
epoch:57 0.4056  0.8963  0.2592  0.0614  0.4200  0.4591  0.0786  0.4287  0.4952  0.1667  0.5124  0.4955  0.2726  0.000000
epoch:58 0.4064  0.9033  0.2594  0.0590  0.4196  0.4929  0.0805  0.4313  0.4962  0.1286  0.5146  0.5273  0.2684  0.000000
epoch:59 0.4015  0.8907  0.2608  0.0563  0.4153  0.4910  0.0792  0.4263  0.4921  0.1405  0.5095  0.5318  0.2698  0.000000
epoch:60 0.4107  0.9029  0.2725  0.0483  0.4247  0.5003  0.0783  0.4335  0.5013  0.1571  0.5187  0.5273  0.2727  0.000000
epoch:61 0.4105  0.9000  0.2662  0.0750  0.4249  0.4637  0.0825  0.4326  0.4990  0.1571  0.5166  0.5136  0.2731  0.000000
epoch:62 0.4109  0.8998  0.2735  0.0576  0.4253  0.4891  0.0778  0.4332  0.5002  0.1429  0.5184  0.5227  0.2725  0.000000
epoch:63 0.4093  0.9015  0.2802  0.0797  0.4227  0.4916  0.0848  0.4328  0.4959  0.1619  0.5122  0.5409  0.2729  0.000000
epoch:64 0.4052  0.8991  0.2629  0.0517  0.4188  0.4937  0.0778  0.4299  0.4980  0.1381  0.5161  0.5273  0.2730  0.000000
