epoch:0 0.0000  0.0000  0.0000  0.0000  0.0000  0.0000  0.0000  0.0000  0.0000  0.0000  0.0000  0.0000  0.6276  0.006000
epoch:1 0.0000  0.0000  0.0000  0.0000  0.0000  0.0000  0.0000  0.0000  0.0000  0.0000  0.0000  0.0000  0.2170  0.006000
epoch:2 0.0000  0.0001  0.0000  0.0000  0.0000  0.0193  0.0000  0.0000  0.0099  0.0000  0.0083  0.0200  0.1568  0.006000
epoch:3 0.0055  0.0198  0.0003  0.0000  0.0048  0.0184  0.0176  0.0527  0.0634  0.0000  0.0541  0.1200  0.1307  0.006000
epoch:4 0.0061  0.0242  0.0002  0.0000  0.0053  0.0579  0.0214  0.0916  0.1237  0.0000  0.1138  0.1900  0.1283  0.006000
epoch:5 0.0068  0.0342  0.0002  0.0000  0.0052  0.1155  0.0130  0.1046  0.1695  0.0000  0.1587  0.2450  0.1211  0.006000
epoch:6 0.0152  0.0706  0.0014  0.0000  0.0150  0.1076  0.0382  0.1267  0.1969  0.0000  0.1936  0.2350  0.1088  0.006000
epoch:7 0.0541  0.1611  0.0133  0.0000  0.0472  0.1556  0.0794  0.1786  0.2496  0.0000  0.2431  0.3100  0.1115  0.006000
epoch:8 0.0477  0.1811  0.0028  0.0000  0.0427  0.1259  0.0832  0.1939  0.2427  0.0000  0.2422  0.2700  0.1059  0.001980
epoch:9 0.0570  0.2038  0.0029  0.0000  0.0529  0.1132  0.0878  0.1840  0.2328  0.0000  0.2321  0.2600  0.1044  0.001980
epoch:10 0.0606  0.2033  0.0244  0.0000  0.0525  0.1519  0.0916  0.1969  0.2588  0.0000  0.2642  0.2550  0.1035  0.001980
epoch:11 0.0619  0.2310  0.0122  0.0000  0.0575  0.1232  0.1115  0.2008  0.2511  0.0000  0.2560  0.2500  0.0949  0.000653
epoch:12 0.0613  0.2210  0.0152  0.0000  0.0581  0.1122  0.0985  0.2000  0.2534  0.0000  0.2661  0.2100  0.1024  0.000653
epoch:13 0.0654  0.2294  0.0103  0.0000  0.0606  0.1126  0.0931  0.2115  0.2450  0.0000  0.2523  0.2300  0.0983  0.000653
epoch:14 0.0669  0.2467  0.0067  0.0000  0.0661  0.1165  0.1084  0.2183  0.2603  0.0000  0.2670  0.2500  0.0969  0.000216
epoch:15 0.0734  0.2594  0.0137  0.0000  0.0676  0.1431  0.1061  0.2244  0.2634  0.0000  0.2679  0.2650  0.0968  0.000216
epoch:16 0.0745  0.2522  0.0179  0.0000  0.0688  0.1244  0.1031  0.2168  0.2618  0.0000  0.2651  0.2700  0.0960  0.000216
epoch:17 0.0689  0.2475  0.0199  0.0000  0.0674  0.1151  0.0954  0.2160  0.2588  0.0000  0.2624  0.2650  0.0956  0.000071
epoch:18 0.0725  0.2500  0.0238  0.0000  0.0720  0.1319  0.1130  0.2191  0.2641  0.0000  0.2615  0.3050  0.0940  0.000071
epoch:19 0.0708  0.2538  0.0161  0.0000  0.0695  0.1135  0.0962  0.2237  0.2710  0.0000  0.2761  0.2700  0.0983  0.000071
epoch:20 0.0712  0.2478  0.0148  0.0000  0.0671  0.1410  0.1084  0.2244  0.2679  0.0000  0.2706  0.2800  0.0954  0.000023
epoch:21 0.0693  0.2535  0.0115  0.0000  0.0689  0.1205  0.0969  0.2122  0.2595  0.0000  0.2624  0.2700  0.0953  0.000023
epoch:22 0.0710  0.2539  0.0183  0.0000  0.0720  0.1217  0.1092  0.2137  0.2588  0.0000  0.2651  0.2500  0.0963  0.000023
epoch:23 0.0723  0.2529  0.0189  0.0000  0.0718  0.1253  0.1137  0.2176  0.2565  0.0000  0.2615  0.2550  0.0937  0.000008
epoch:24 0.0723  0.2675  0.0158  0.0000  0.0733  0.0956  0.1092  0.2214  0.2588  0.0000  0.2716  0.2150  0.0954  0.000008
epoch:25 0.0682  0.2653  0.0137  0.0000  0.0660  0.1130  0.1069  0.2168  0.2573  0.0000  0.2624  0.2550  0.0935  0.000008
epoch:26 0.0746  0.2545  0.0196  0.0000  0.0729  0.1332  0.1107  0.2183  0.2542  0.0000  0.2587  0.2550  0.0967  0.000003
epoch:27 0.0705  0.2498  0.0163  0.0000  0.0686  0.1101  0.1038  0.2038  0.2420  0.0000  0.2459  0.2450  0.0946  0.000003
epoch:28 0.0689  0.2428  0.0206  0.0000  0.0657  0.1257  0.1015  0.2099  0.2489  0.0000  0.2514  0.2600  0.0917  0.000003
epoch:29 0.0759  0.2797  0.0120  0.0000  0.0736  0.1371  0.1115  0.2191  0.2634  0.0000  0.2633  0.2900  0.0902  0.000001
epoch:30 0.0756  0.2590  0.0166  0.0000  0.0749  0.1118  0.1107  0.2160  0.2527  0.0000  0.2624  0.2250  0.0956  0.000001
epoch:31 0.0694  0.2546  0.0146  0.0000  0.0654  0.1328  0.1053  0.2214  0.2595  0.0000  0.2596  0.2850  0.0948  0.000001
epoch:32 0.0730  0.2557  0.0145  0.0000  0.0698  0.1371  0.1122  0.2115  0.2611  0.0000  0.2642  0.2700  0.0941  0.000000
epoch:33 0.0694  0.2583  0.0114  0.0000  0.0689  0.1082  0.1031  0.2229  0.2664  0.0000  0.2725  0.2600  0.0923  0.000000
epoch:34 0.0712  0.2415  0.0190  0.0000  0.0692  0.1193  0.1031  0.2038  0.2489  0.0000  0.2569  0.2300  0.0985  0.000000
