epoch:0 0.0008  0.0046  0.0000  0.0019  0.0004  0.0000  0.0005  0.0039  0.0564  0.0777  0.0315  0.0163  1.2807  0.010050
epoch:1 0.0324  0.1490  0.0014  0.0479  0.0090  0.0326  0.0153  0.0791  0.1773  0.2326  0.0946  0.1279  0.8607  0.010050
epoch:2 0.0651  0.2722  0.0046  0.0642  0.0637  0.1011  0.0236  0.1170  0.2616  0.2854  0.2062  0.3000  0.8682  0.010050
epoch:3 0.0962  0.3634  0.0032  0.1015  0.0907  0.1426  0.0271  0.1554  0.2776  0.2897  0.2392  0.3279  0.9447  0.003317
epoch:4 0.0757  0.2936  0.0132  0.0688  0.0693  0.1426  0.0204  0.1320  0.2943  0.3107  0.2462  0.3512  0.9479  0.003317
epoch:5 0.1017  0.3692  0.0177  0.1048  0.0915  0.1738  0.0323  0.1670  0.3108  0.3245  0.2592  0.3930  0.9447  0.003317
epoch:6 0.1067  0.3988  0.0104  0.1016  0.1026  0.1779  0.0293  0.1700  0.3177  0.3292  0.2900  0.3395  0.8813  0.001094
epoch:7 0.1130  0.4110  0.0180  0.1110  0.1182  0.1593  0.0310  0.1687  0.3153  0.3146  0.2977  0.3721  0.8645  0.001094
epoch:8 0.1142  0.4130  0.0128  0.1104  0.1205  0.1704  0.0328  0.1707  0.3185  0.3202  0.2962  0.3767  0.9083  0.001094
epoch:9 0.1145  0.4252  0.0126  0.1164  0.1072  0.1695  0.0296  0.1722  0.3160  0.3245  0.2869  0.3581  0.8754  0.000361
epoch:10 0.1192  0.4377  0.0151  0.1175  0.1221  0.1666  0.0315  0.1781  0.3244  0.3296  0.2962  0.3814  0.9016  0.000361
epoch:11 0.1210  0.4624  0.0105  0.1261  0.1142  0.1666  0.0340  0.1781  0.3264  0.3326  0.3023  0.3651  0.8508  0.000361
epoch:12 0.1280  0.4707  0.0101  0.1313  0.1265  0.1809  0.0360  0.1877  0.3303  0.3288  0.3185  0.3744  0.8766  0.000119
epoch:13 0.1282  0.4732  0.0097  0.1332  0.1250  0.1776  0.0350  0.1884  0.3232  0.3240  0.2992  0.3907  0.8453  0.000119
epoch:14 0.1261  0.4521  0.0181  0.1256  0.1219  0.1912  0.0350  0.1800  0.3148  0.3107  0.3100  0.3512  0.8490  0.000119
